'LR-H23-LRGTFS-Semaine-01',12301,64720,4,'',0,7700,4,'',0,3490,4,'',0,6510,4,'',0,3000,4,'',0
'LR-H23-LRGTFS-Semaine-01',12401,72920,4,'',0,2890,4,'',0
'LR-H23-LRGTFS-Dimanche-01',32101,90700,4,'',0,11000,4,'',0,11000,4,'',0,7500,4,'',0,3500,4,'',0,7500,4,'',0,11000,4,'',0,11000,4,'',0,7500,4,'',0,3500,4,'',0,7500,4,'',0,3500,4,'',0,7500,4,'',0,11000,4,'',0,11000,4,'',0,11000,4,'',0,15000,4,'',0
'LR-H23-LRGTFS-Fête-1-01',32101,75700,4,'',0,15000,4,'',0,11000,4,'',0,11000,4,'',0,7500,4,'',0,3500,4,'',0,7500,4,'',0,11000,4,'',0,11000,4,'',0,7500,4,'',0,3500,4,'',0,7500,4,'',0,3500,4,'',0,7500,4,'',0,11000,4,'',0,11000,4,'',0,11000,4,'',0,15000,4,'',0,11000,4,'',0
'LR-H23-LRGTFS-Samedi-01',32101,75700,4,'',0,15000,4,'',0,11000,4,'',0,11000,4,'',0,7500,4,'',0,3500,4,'',0,7500,4,'',0,11000,4,'',0,11000,4,'',0,7500,4,'',0,3500,4,'',0,7500,4,'',0,3500,4,'',0,7500,4,'',0,11000,4,'',0,11000,4,'',0,11000,4,'',0,15000,4,'',0,11000,4,'',0
'LR-H23-LRGTFS-Semaine-01',32101,54100,4,'',0,6000,4,'',0,2340,4,'',0,1500,4,'',0,1500,4,'',0,5500,4,'',0,1000,4,'',0,1200,4,'',0,1290,4,'',0,1100,4,'',0,5090,4,'',0,1100,4,'',0,1090,4,'',0,1000,4,'',0,910,4,'',0,710,4,'',0,4900,4,'',0,910,4,'',0,1300,4,'',0,1660,4,'',0,7800,4,'',0,8000,4,'',0,4000,4,'',0,7900,4,'',0,3900,4,'',0,7900,4,'',0,7900,4,'',0,4100,4,'',0,7700,4,'',0,9330,4,'',0,1200,4,'',0,700,4,'',0,5590,4,'',0,1100,4,'',0,1300,4,'',0,3290,4,'',0,5400,4,'',0,910,4,'',0,3320,4,'',0,7160,4,'',0,8100,4,'',0,3600,4,'',0,6800,4,'',0,3700,4,'',0,10800,4,'',0,15000,4,'',0
'LR-H23-LRGTFS-Dimanche-01',32301,91200,4,'',0,11000,4,'',0,11000,4,'',0,7500,4,'',0,3500,4,'',0,7500,4,'',0,11000,4,'',0,11000,4,'',0,7500,4,'',0,3500,4,'',0,7500,4,'',0,3500,4,'',0,7500,4,'',0,11000,4,'',0,11000,4,'',0,15000,4,'',0,11000,4,'',0
'LR-H23-LRGTFS-Fête-1-01',32301,80200,4,'',0,11000,4,'',0,11000,4,'',0,11000,4,'',0,7500,4,'',0,3500,4,'',0,7500,4,'',0,11000,4,'',0,11000,4,'',0,7500,4,'',0,3500,4,'',0,7500,4,'',0,3500,4,'',0,7500,4,'',0,11000,4,'',0,11000,4,'',0,15000,4,'',0,11000,4,'',0,11000,4,'',0
'LR-H23-LRGTFS-Samedi-01',32301,80200,4,'',0,11000,4,'',0,11000,4,'',0,11000,4,'',0,7500,4,'',0,3500,4,'',0,7500,4,'',0,11000,4,'',0,11000,4,'',0,7500,4,'',0,3500,4,'',0,7500,4,'',0,3500,4,'',0,7500,4,'',0,11000,4,'',0,11000,4,'',0,15000,4,'',0,11000,4,'',0,11000,4,'',0
'LR-H23-LRGTFS-Semaine-01',32301,54120,4,'',0,7000,4,'',0,2200,4,'',0,1000,4,'',0,1190,4,'',0,5000,4,'',0,1290,4,'',0,1000,4,'',0,1050,4,'',0,1000,4,'',0,1000,4,'',0,5390,4,'',0,900,4,'',0,910,4,'',0,1000,4,'',0,1300,4,'',0,5450,4,'',0,1400,4,'',0,2500,4,'',0,7700,4,'',0,7900,4,'',0,3900,4,'',0,7900,4,'',0,7900,4,'',0,3900,4,'',0,7900,4,'',0,3900,4,'',0,7900,4,'',0,8440,4,'',0,1400,4,'',0,1700,4,'',0,6100,4,'',0,700,4,'',0,1100,4,'',0,1490,4,'',0,1200,4,'',0,6720,4,'',0,3400,4,'',0,7250,4,'',0,7100,4,'',0,4000,4,'',0,7000,4,'',0,3500,4,'',0,11000,4,'',0,15000,4,'',0
