'LR-H23-LRGTFS-Dimanche-01',23000,73500,,'',0,6800,4,'',0,700,,'',0,2800,4,'',0,700,,'',0,7000,4,'',0,500,,'',0,3000,4,'',0,500,,'',0,7000,4,'',0,500,,'',0,7000,4,'',0,500,,'',0,3000,4,'',0,500,,'',0,7000,4,'',0,500,,'',0,3000,4,'',0,500,,'',0,7000,4,'',0,300,,'',0,3000,4,'',0,500,,'',0,7000,4,'',0,500,,'',0,7000,4,'',0,500,,'',0,3000,4,'',0,500,,'',0,7000,4,'',0,500,,'',0,3000,4,'',0,500,,'',0,7000,4,'',0,900,,'',0,6800,4,'',0,700,,'',0,2800,4,'',0,700,,'',0,6800,4,'',0,700,,'',0,2800,4,'',0,700,,'',0,6800,4,'',0,900,,'',0,2800,4,'',0,4500,,'',0,2800,4,'',0,700,,'',0,6800,4,'',0,700,,'',0,2800,4,'',0
'LR-H23-LRGTFS-Fête-1-01',23000,73500,,'',0,6800,4,'',0,700,,'',0,2800,4,'',0,700,,'',0,7000,4,'',0,500,,'',0,3000,4,'',0,500,,'',0,7000,4,'',0,500,,'',0,7000,4,'',0,500,,'',0,3000,4,'',0,500,,'',0,7000,4,'',0,500,,'',0,3000,4,'',0,500,,'',0,7000,4,'',0,300,,'',0,3000,4,'',0,500,,'',0,7000,4,'',0,500,,'',0,7000,4,'',0,500,,'',0,3000,4,'',0,500,,'',0,7000,4,'',0,500,,'',0,3000,4,'',0,500,,'',0,7000,4,'',0,900,,'',0,6800,4,'',0,700,,'',0,2800,4,'',0,700,,'',0,6800,4,'',0,700,,'',0,2800,4,'',0,700,,'',0,6800,4,'',0,700,,'',0,2800,4,'',0,4700,,'',0,2800,4,'',0,700,,'',0,6800,4,'',0,700,,'',0,2800,4,'',0
'LR-H23-LRGTFS-Samedi-01',23000,73500,,'',0,6800,4,'',0,700,,'',0,2800,4,'',0,700,,'',0,7000,4,'',0,500,,'',0,3000,4,'',0,500,,'',0,7000,4,'',0,500,,'',0,7000,4,'',0,500,,'',0,3000,4,'',0,500,,'',0,7000,4,'',0,500,,'',0,3000,4,'',0,500,,'',0,7000,4,'',0,300,,'',0,3000,4,'',0,500,,'',0,7000,4,'',0,500,,'',0,7000,4,'',0,500,,'',0,3000,4,'',0,500,,'',0,7000,4,'',0,500,,'',0,3000,4,'',0,500,,'',0,7000,4,'',0,900,,'',0,6800,4,'',0,700,,'',0,2800,4,'',0,700,,'',0,6800,4,'',0,700,,'',0,2800,4,'',0,700,,'',0,6800,4,'',0,900,,'',0,2800,4,'',0,4500,,'',0,2800,4,'',0,700,,'',0,6800,4,'',0,700,,'',0,2800,4,'',0
'LR-H23-LRGTFS-Semaine-01',23000,54000,,'',0,6800,4,'',0,600,,'',0,2800,4,'',0,400,,'',0,6900,4,'',0,1500,,'',0,2900,4,'',0,4200,,'',0,2900,4,'',0,1300,,'',0,6900,4,'',0,600,,'',0,2900,4,'',0,5300,,'',0,2800,4,'',0,900,,'',0,6800,4,'',0,1500,,'',0,2800,4,'',0,5200,,'',0,2800,4,'',0,900,,'',0,6800,4,'',0,1000,,'',0,2800,4,'',0,1400,,'',0,6800,4,'',0,1200,,'',0,6800,4,'',0,900,,'',0,2900,,'',0,6900,4,'',0,1600,,'',0,2900,4,'',0,4600,,'',0,2900,4,'',0,1100,,'',0,6900,4,'',0,100,,'',0,2900,4,'',0,6400,,'',0,2900,4,'',0,300,,'',0,6900,4,'',0,500,,'',0,2900,4,'',0,800,,'',0,6800,4,'',0,500,,'',0,2800,4,'',0
'LR-H23-LRGTFS-Semaine-01',2000001200,55600,4,'',0,7000,4,'',0,8500,4,'',0,2200,4,'',0,7900,4,'',0,4100,4,'',0
'LR-H23-LRGTFS-Semaine-01',2000001201,160300,,'',0,2900,,'',0,8700,,'',0,3000,,'',0,6100,,'',0,4500,,'',0,6500,,'',0
'LR-H23-LRGTFS-Semaine-01',2000002200,160900,,'',0,3900,,'',0,6500,,'',0,2600,,'',0
'LR-H23-LRGTFS-Dimanche-01',2000002700,84500,,'',0,11000,,'',0,26000,,'',0,29500,,'',0,29500,,'',0,11000,,'',0,22000,,'',0,11000,,'',0
'LR-H23-LRGTFS-Dimanche-01',2000002701,84300,4,'',0,11000,4,'',0,26000,4,'',0,29500,4,'',0,29500,4,'',0,44000,4,'',0
'LR-H23-LRGTFS-Fête-1-01',2000002700,84500,,'',0,11000,,'',0,26000,,'',0,29500,,'',0,29500,,'',0,11000,,'',0,22000,,'',0,11000,,'',0,25800,,'',0
'LR-H23-LRGTFS-Fête-1-01',2000002701,73300,4,'',0,11000,4,'',0,11000,4,'',0,26000,4,'',0,29500,4,'',0,29500,4,'',0,44000,4,'',0,10800,4,'',0
'LR-H23-LRGTFS-Samedi-01',2000002700,84500,,'',0,11000,,'',0,26000,,'',0,29500,,'',0,29500,,'',0,11000,,'',0,22000,,'',0,11000,,'',0,25800,,'',0
'LR-H23-LRGTFS-Samedi-01',2000002701,73300,4,'',0,11000,4,'',0,11000,4,'',0,26000,4,'',0,29500,4,'',0,29500,4,'',0,44000,4,'',0,10800,4,'',0
'LR-H23-LRGTFS-Semaine-01',2000002700,84000,,'',0,19800,,'',0,11800,,'',0,19700,,'',0,28700,,'',0,7500,,'',0,3200,,'',0,6800,,'',0,3000,,'',0,6000,,'',0,3500,,'',0,18000,,'',0,11000,,'',0,11000,,'',0,10800,,'',0
'LR-H23-LRGTFS-Semaine-01',2000002701,62800,4,'',0,2500,4,'',0,8500,4,'',0,7000,4,'',0,11000,4,'',0,11800,4,'',0,11800,4,'',0,27600,4,'',0,20300,4,'',0,38000,4,'',0,21500,4,'',0,11000,4,'',0
'LR-H23-LRGTFS-Dimanche-01',2000002801,84000,4,'',0,11000,4,'',0,15000,4,'',0,11000,4,'',0,3500,4,'',0,11000,4,'',0,15000,4,'',0,3500,4,'',0,11000,4,'',0,15000,4,'',0,11000,4,'',0,11000,4,'',0,11000,4,'',0,11000,4,'',0
'LR-H23-LRGTFS-Fête-1-01',2000002801,73000,4,'',0,11000,4,'',0,11000,4,'',0,15000,4,'',0,11000,4,'',0,3500,4,'',0,11000,4,'',0,15000,4,'',0,3500,4,'',0,11000,4,'',0,15000,4,'',0,11000,4,'',0,11000,4,'',0,11000,4,'',0,11000,4,'',0,11000,4,'',0
'LR-H23-LRGTFS-Samedi-01',2000002801,73000,4,'',0,11000,4,'',0,11000,4,'',0,15000,4,'',0,11000,4,'',0,3500,4,'',0,11000,4,'',0,15000,4,'',0,3500,4,'',0,11000,4,'',0,15000,4,'',0,11000,4,'',0,11000,4,'',0,11000,4,'',0,11000,4,'',0,11000,4,'',0
'LR-H23-LRGTFS-Semaine-01',2000002801,83500,4,'',0,2000,4,'',0,6000,4,'',0,11800,4,'',0,7900,4,'',0,11800,4,'',0,7900,4,'',0,11800,4,'',0,50800,4,'',0,18500,4,'',0,11000,4,'',0,11000,4,'',0
'LR-H23-LRGTFS-Semaine-01',2000005100,71600,,'',0,3300,,'',0,8400,,'',0,79800,,'',0,8500,,'',0,3000,,'',0,8200,,'',0,2500,,'',0
'LR-H23-LRGTFS-Semaine-01',2000005101,71700,,'',0
