'LRRS-A23-GTFSLRR-Fête-1-08',14400,83000,4,'',0,20000,4,'',0,20000,4,'',0,22100,4,'',0,20000,4,'',0,20000,4,'',0
'LRRS-A23-GTFSLRR-Fête-1-08',14401,83300,0,'Symbiocité',0,20000,0,'Symbiocité',0,20000,0,'Symbiocité',0,18700,0,'Symbiocité',0,20000,0,'Symbiocité',0,20000,0,'Symbiocité',0,20000,0,'Symbiocité',0
'LRRS-A23-GTFSLRR-Fête-2-06',14400,55000,4,'',0,7600,4,'',0,8000,4,'',0,4000,4,'',0,8000,4,'',0,7900,4,'',0,72300,4,'',0,8000,4,'',0,4000,4,'',0,8000,4,'',0,7800,4,'',0
'LRRS-A23-GTFSLRR-Fête-2-06',14401,55600,0,'Symbiocité',0,8000,0,'Symbiocité',0,8000,0,'Symbiocité',0,4000,0,'Symbiocité',0,8000,0,'Symbiocité',0,72000,0,'Symbiocité',0,8000,0,'Symbiocité',0,8000,0,'Symbiocité',0,4000,0,'Symbiocité',0,8000,0,'Symbiocité',0
'LRRS-A23-GTFSLRR-Semaine-08',14400,55000,4,'',0,7600,4,'',0,8000,4,'',0,4000,4,'',0,8000,4,'',0,7900,4,'',0,3900,4,'',0,16000,4,'',0,12000,4,'',0,12200,4,'',0,16200,4,'',0,12000,4,'',0,8000,4,'',0,4000,4,'',0,8000,4,'',0,7800,4,'',0,3800,4,'',0,16000,4,'',0,12000,4,'',0
'LRRS-A23-GTFSLRR-Semaine-08',14401,55600,0,'Symbiocité',0,8000,0,'Symbiocité',0,8000,0,'Symbiocité',0,4000,0,'Symbiocité',0,8000,0,'Symbiocité',0,8000,,'',0,12000,,'',0,12000,,'',0,16000,,'',0,12000,,'',0,12000,0,'Symbiocité',0,8000,0,'Symbiocité',0,8000,0,'Symbiocité',0,4000,0,'Symbiocité',0,8000,0,'Symbiocité',0,8000,,'',0,12000,,'',0,12000,,'',0,16000,,'',0
'LRRS-A23-GTFSLRR-Semaine-10',14400,55000,4,'',0,7600,4,'',0,8000,4,'',0,4000,4,'',0,8000,4,'',0,7900,4,'',0,72300,4,'',0,8000,4,'',0,4000,4,'',0,8000,4,'',0,7800,4,'',0
'LRRS-A23-GTFSLRR-Semaine-10',14401,55600,0,'Symbiocité',0,8000,0,'Symbiocité',0,8000,0,'Symbiocité',0,4000,0,'Symbiocité',0,8000,0,'Symbiocité',0,72000,0,'Symbiocité',0,8000,0,'Symbiocité',0,8000,0,'Symbiocité',0,4000,0,'Symbiocité',0,8000,0,'Symbiocité',0
'LRRS-A23-GTFSLRR-Week-end-07',14400,83000,4,'',0,20000,4,'',0,20000,4,'',0,22100,4,'',0,20000,4,'',0,20000,4,'',0
'LRRS-A23-GTFSLRR-Week-end-07',14401,83300,0,'Symbiocité',0,20000,0,'Symbiocité',0,20000,0,'Symbiocité',0,18700,0,'Symbiocité',0,20000,0,'Symbiocité',0,20000,0,'Symbiocité',0,20000,0,'Symbiocité',0
'LRRS-A23-GTFSLRR-Fête-2-06',55000,70700,,'',0,1500,,'',0,10000,,'',0,72300,,'',0,10000,,'',0,10000,,'',0
'LRRS-A23-GTFSLRR-Fête-2-06',55001,80900,4,'',0,1500,4,'',0,10000,4,'',0,72300,4,'',0,10000,4,'',0,10000,4,'',0
'LRRS-A23-GTFSLRR-Semaine-08',55000,70700,,'',0,1500,,'',0,10000,,'',0,72300,,'',0,10000,,'',0,10000,,'',0
'LRRS-A23-GTFSLRR-Semaine-08',55001,80900,4,'',0,1500,4,'',0,10000,4,'',0,72300,4,'',0,10000,4,'',0,10000,4,'',0
'LRRS-A23-GTFSLRR-Semaine-10',55000,70700,,'',0,1500,,'',0,10000,,'',0,72300,,'',0,10000,,'',0,10000,,'',0
'LRRS-A23-GTFSLRR-Semaine-10',55001,80900,4,'',0,1500,4,'',0,10000,4,'',0,72300,4,'',0,10000,4,'',0,10000,4,'',0
