1100,75642,1,0
1100,75051,2,0
1100,75052,3,0
1100,75059,4,0
1100,75068,5,0
1100,75372,6,0
1100,75503,7,0
1100,75500,8,0
1100,75258,9,0
1100,75259,10,0
1100,75267,11,0
1100,75269,12,0
1100,75271,13,0
1100,75291,14,0
1100,75022,15,0
1100,75265,16,0
1100,75289,17,0
1100,75279,18,0
1100,75285,19,0
1100,75304,20,0
1100,75021,21,0
1100,75025,22,0
1100,75026,23,0
1100,75274,24,0
1100,75297,25,0
1100,75331,26,0
1100,75305,27,0
1100,75317,28,0
1100,75283,29,0
1100,75300,30,1
1101,75299,1,0
1101,75282,2,0
1101,75333,3,0
1101,75305,4,0
1101,75317,5,0
1101,75301,6,0
1101,75273,7,0
1101,75027,8,0
1101,75028,9,0
1101,75029,10,0
1101,75303,11,0
1101,75284,12,0
1101,75280,13,0
1101,75288,14,0
1101,75272,15,0
1101,75020,16,0
1101,75281,17,0
1101,75270,18,0
1101,75268,19,0
1101,75266,20,0
1101,75258,21,0
1101,75259,22,0
1101,75324,23,0
1101,75504,24,0
1101,75448,25,0
1101,75451,26,0
1101,75449,27,0
1101,75453,28,0
1101,75460,29,0
1101,75055,30,0
1101,75642,31,1
2100,75650,1,0
2100,75180,2,0
2100,75175,3,0
2100,75214,4,0
2100,75402,5,0
2100,75217,6,0
2100,75167,7,0
2100,75152,8,0
2100,75005,9,0
2100,75404,10,0
2100,75194,11,0
2100,75195,12,0
2100,75053,13,0
2100,75243,14,0
2100,75177,15,0
2100,75158,16,0
2100,75221,17,0
2100,75156,18,0
2100,75399,19,0
2100,75400,20,0
2100,75166,21,0
2100,75169,22,0
2100,75231,23,0
2100,75150,24,0
2100,75155,25,0
2100,75182,26,0
2100,75183,27,0
2100,75247,28,0
2100,75249,29,0
2100,75235,30,1
2101,75650,1,0
2101,75236,2,0
2101,75234,3,0
2101,75248,4,0
2101,75213,5,0
2101,75202,6,0
2101,75160,7,0
2101,75154,8,0
2101,75232,9,0
2101,75170,10,0
2101,75163,11,0
2101,75152,12,0
2101,75005,13,0
2101,75404,14,0
2101,75194,15,0
2101,75195,16,0
2101,75053,17,0
2101,75243,18,0
2101,75177,19,0
2101,75158,20,0
2101,75221,21,0
2101,75156,22,0
2101,75399,23,0
2101,75400,24,0
2101,75168,25,0
2101,75218,26,0
2101,75149,27,0
2101,75216,28,0
2101,75174,29,0
2101,75181,30,1
2201,75649,1,0
2201,75180,2,0
2201,75172,3,0
2201,75134,4,0
2201,75132,5,0
2201,75207,6,0
2201,75227,7,0
2201,75186,8,0
2201,75211,9,0
2201,75116,10,0
2201,75118,11,0
2201,75120,12,0
2201,75121,13,0
2201,75123,14,0
2201,75125,15,0
2201,75129,16,0
2201,75206,17,0
2201,75131,18,0
2201,75133,19,0
2201,75185,20,0
2201,75135,21,0
2201,75136,22,0
2201,75137,23,0
2201,75138,24,0
2201,75181,25,1
2300,75648,1,0
2300,75180,2,0
2300,75175,3,0
2300,75214,4,0
2300,75402,5,0
2300,75217,6,0
2300,75167,7,0
2300,75152,8,0
2300,75005,9,0
2300,75193,10,0
2300,75192,11,0
2300,75196,12,0
2300,75437,13,0
2300,75410,14,0
2300,75411,15,0
2300,75434,16,0
2300,75652,17,0
2300,75413,18,0
2300,75472,19,0
2300,75469,20,0
2300,75467,21,0
2300,75254,22,0
2300,75110,23,0
2300,75111,24,0
2300,75112,25,0
2300,75226,26,0
2300,75205,27,0
2300,75131,28,0
2300,75133,29,0
2300,75171,30,0
2300,75181,31,1
2500,75550,1,0
2500,75551,2,0
2500,75552,3,0
2500,75553,4,0
2500,75004,5,0
2500,75201,6,0
2500,75002,7,0
2500,75226,8,0
2500,75205,9,0
2500,75131,10,0
2500,75133,11,0
2500,75171,12,0
2500,75181,13,0
2500,75647,14,0
2500,75180,15,0
2500,75172,16,0
2500,75134,17,0
2500,75132,18,0
2500,75207,19,0
2500,75227,20,0
2500,75001,21,0
2500,75200,22,0
2500,75003,23,0
2500,75603,24,0
2500,75602,25,0
2500,75601,26,0
2500,75600,27,1
2800,75649,1,0
2800,75180,2,0
2800,75172,3,0
2800,75388,4,0
2800,75390,5,0
2800,75391,6,0
2800,75392,7,0
2800,75393,8,0
2800,75394,9,0
2800,75132,10,0
2800,75208,11,0
2800,75130,12,0
2800,75126,13,0
2800,75124,14,0
2800,75122,15,0
2800,75119,16,0
2800,75117,17,0
2800,75115,18,0
2800,75395,19,0
2800,75474,20,0
2800,75475,21,0
2800,75476,22,0
2800,75201,23,0
2800,75189,24,0
2800,75396,25,0
2800,75242,26,0
2800,75397,27,0
2800,75470,28,0
2800,75471,29,0
2800,75417,30,0
2800,75418,31,0
2800,75419,32,0
2800,75435,33,0
2800,75398,34,0
2800,75184,35,0
2800,75203,36,0
2800,75245,37,0
2800,75399,38,0
2800,75400,39,0
2800,75166,40,0
2800,75473,41,0
2800,75578,42,0
2800,75579,43,0
2800,75580,44,0
2800,75477,45,0
2800,75155,46,0
2800,75182,47,0
2800,75183,48,0
2800,75247,49,0
2800,75249,50,0
2800,75235,51,1
2900,75648,1,0
2900,75236,2,0
2900,75234,3,0
2900,75248,4,0
2900,75213,5,0
2900,75202,6,0
2900,75160,7,0
2900,75577,8,0
2900,75576,9,0
2900,75575,10,0
2900,75574,11,0
2900,75573,12,0
2900,75163,13,0
2900,75223,14,0
2900,75152,15,0
2900,75219,16,0
2900,75220,17,0
2900,75157,18,0
2900,75239,19,0
2900,75241,20,0
2900,75193,21,0
2900,75192,22,0
2900,75196,23,0
2900,75410,24,0
2900,75411,25,0
2900,75434,26,0
2900,75413,27,0
2900,75472,28,0
2900,75469,29,0
2900,75467,30,0
2900,75414,31,0
2900,75415,32,0
2900,75186,33,0
2900,75211,34,0
2900,75116,35,0
2900,75118,36,0
2900,75120,37,0
2900,75121,38,0
2900,75123,39,0
2900,75125,40,0
2900,75129,41,0
2900,75206,42,0
2900,75131,43,0
2900,75133,44,0
2900,75185,45,0
2900,75135,46,0
2900,75136,47,0
2900,75137,48,0
2900,75138,49,0
2900,75181,50,1
3100,75641,1,0
3100,75103,2,0
3100,75078,3,0
3100,75061,4,0
3100,75057,5,0
3100,75222,6,0
3100,75161,7,0
3100,75228,8,0
3100,75239,9,0
3100,75241,10,0
3100,75193,11,0
3100,75192,12,0
3100,75196,13,0
3100,75237,14,0
3100,75165,15,0
3100,75043,16,0
3100,75082,17,0
3100,75081,18,0
3100,75085,19,0
3100,75070,20,0
3100,75059,21,0
3100,75068,22,0
3100,75084,23,0
3100,75064,24,0
3100,75063,25,0
3100,75094,26,0
3100,75065,27,0
3100,75066,28,0
3100,75088,29,0
3100,75101,30,0
3100,75055,31,1
3101,75641,1,0
3101,75051,2,0
3101,75457,3,0
3101,75455,4,0
3101,75459,5,0
3101,75458,6,0
3101,75538,7,0
3101,75539,8,0
3101,75448,9,0
3101,75451,10,0
3101,75449,11,0
3101,75453,12,0
3101,75056,13,0
3101,75058,14,0
3101,75067,15,0
3101,75069,16,0
3101,75424,17,0
3101,75409,18,0
3101,75425,19,0
3101,75184,20,0
3101,75203,21,0
3101,75245,22,0
3101,75246,23,0
3101,75244,24,0
3101,75230,25,0
3101,75162,26,0
3101,75224,27,0
3101,75389,28,0
3101,75461,29,0
3101,75062,30,0
3101,75079,31,0
3101,75104,32,1
3200,75644,1,0
3200,75051,2,0
3200,75457,3,0
3200,75455,4,0
3200,75459,5,0
3200,75458,6,0
3200,75482,7,0
3200,75520,8,0
3200,75096,9,0
3200,75083,10,0
3200,75097,11,0
3200,75487,12,0
3200,75489,13,0
3200,75490,14,0
3200,75491,15,0
3200,75492,16,0
3200,75495,17,0
3200,75493,18,0
3200,75494,19,0
3200,75496,20,0
3200,75514,21,0
3200,75518,22,0
3200,75498,23,0
3200,75500,24,0
3200,75502,25,0
3200,75508,26,0
3200,75510,27,0
3200,75512,28,0
3200,75537,29,0
3200,75065,30,0
3200,75066,31,0
3200,75088,32,0
3200,75101,33,0
3200,75055,34,1
3300,75645,1,0
3300,75089,2,0
3300,75090,3,0
3300,75091,4,0
3300,75106,5,0
3300,75108,6,0
3300,75041,7,0
3300,75092,8,0
3300,75045,9,0
3300,75072,10,0
3300,75046,11,0
3300,75073,12,0
3300,75047,13,0
3300,75048,14,0
3300,75074,15,0
3300,75049,16,0
3300,75349,17,0
3300,75375,18,0
3300,75376,19,0
3300,75377,20,0
3300,75378,21,0
3300,75379,22,0
3300,75076,23,0
3300,75403,24,0
3300,75060,25,1
3800,75641,1,0
3800,75053,2,0
3800,75243,3,0
3800,75228,4,0
3800,75239,5,0
3800,75241,6,0
3800,75193,7,0
3800,75204,8,0
3800,75237,9,0
3800,75165,10,0
3800,75043,11,0
3800,75082,12,0
3800,75081,13,0
3800,75085,14,0
3800,75070,15,0
3800,75059,16,0
3800,75068,17,0
3800,75372,18,0
3800,75097,19,0
3800,75487,20,0
3800,75489,21,0
3800,75490,22,0
3800,75491,23,0
3800,75492,24,0
3800,75495,25,0
3800,75493,26,0
3800,75494,27,0
3800,75496,28,0
3800,75514,29,0
3800,75518,30,0
3800,75498,31,0
3800,75500,32,0
3800,75502,33,0
3800,75508,34,0
3800,75510,35,0
3800,75512,36,0
3800,75537,37,0
3800,75065,38,0
3800,75066,39,0
3800,75088,40,0
3800,75101,41,0
3800,75055,42,1
3900,75644,1,0
3900,75103,2,0
3900,75078,3,0
3900,75061,4,0
3900,75057,5,0
3900,75222,6,0
3900,75161,7,0
3900,75228,8,0
3900,75239,9,0
3900,75241,10,0
3900,75194,11,0
3900,75195,12,0
3900,75198,13,0
3900,75079,14,0
3900,75104,15,0
3900,75089,16,0
3900,75090,17,0
3900,75091,18,0
3900,75106,19,0
3900,75108,20,0
3900,75041,21,0
3900,75092,22,0
3900,75045,23,0
3900,75072,24,0
3900,75046,25,0
3900,75073,26,0
3900,75047,27,0
3900,75048,28,0
3900,75074,29,0
3900,75049,30,0
3900,75349,31,0
3900,75375,32,0
3900,75376,33,0
3900,75377,34,0
3900,75378,35,0
3900,75379,36,0
3900,75076,37,0
3900,75403,38,0
3900,75060,39,1
23000,75651,1,0
23000,75010,2,0
23000,75011,3,0
23000,75012,4,0
23000,75013,5,0
23000,75050,6,0
23000,75044,7,0
23000,75034,8,0
23000,75033,9,0
23000,75023,10,0
23000,75077,11,0
23000,75080,12,0
23000,75086,13,1
32100,75261,1,0
32100,74701,2,0
32100,75032,3,0
32100,75017,4,0
32100,75007,5,0
32100,75140,6,1
32101,75140,1,0
32101,75006,2,0
32101,75018,3,0
32101,75042,4,0
32101,74529,5,0
32101,75261,6,1
32300,75263,1,0
32300,74701,2,0
32300,75032,3,0
32300,75017,4,0
32300,75643,5,1
32301,75643,1,0
32301,75018,2,0
32301,75042,3,0
32301,74529,4,0
32301,75263,5,1
340019,75642,1,0
340019,75399,2,0
340019,75400,3,0
340019,75168,4,0
340019,75218,5,0
340019,75149,6,0
340019,75216,7,0
340019,75174,8,0
340019,75181,9,0
340019,75647,10,0
340019,75030,11,1
340029,75030,1,0
340029,75647,2,0
340029,75180,3,0
340029,75175,4,0
340029,75214,5,0
340029,75402,6,0
340029,75217,7,0
340029,75167,8,0
340029,75152,9,0
340029,75005,10,0
340029,75404,11,0
340029,75194,12,0
340029,75195,13,0
340029,75198,14,0
340029,75079,15,0
340029,75104,16,0
340029,75642,17,1
2000001100,75300,1,0
2000001100,75319,2,0
2000001100,75276,3,0
2000001100,75278,4,0
2000001100,75330,5,0
2000001100,75328,6,0
2000001100,75326,7,0
2000001100,75323,8,0
2000001100,75321,9,1
2000001101,75320,1,0
2000001101,75322,2,0
2000001101,75325,3,0
2000001101,75327,4,0
2000001101,75329,5,0
2000001101,75277,6,0
2000001101,75275,7,0
2000001101,75318,8,0
2000001101,75299,9,1
2000001200,75310,1,0
2000001200,75287,2,0
2000001200,75294,3,0
2000001200,75293,4,0
2000001200,75298,5,0
2000001200,75651,6,1
2000001201,75651,1,0
2000001201,75296,2,0
2000001201,75292,3,0
2000001201,75295,4,0
2000001201,75286,5,0
2000001201,75311,6,1
2000002200,75651,1,0
2000002200,75172,2,0
2000002200,75185,3,0
2000002200,75135,4,0
2000002200,75136,5,0
2000002200,75137,6,0
2000002200,75138,7,1
2000002700,75651,1,0
2000002700,75200,2,0
2000002700,75603,3,0
2000002700,75602,4,0
2000002700,75601,5,0
2000002700,75600,6,0
2000002700,75340,7,0
2000002700,75341,8,0
2000002700,75342,9,0
2000002700,75343,10,0
2000002700,75344,11,0
2000002700,75347,12,0
2000002700,75339,13,0
2000002700,75338,14,0
2000002700,75337,15,1
2000002701,75339,1,0
2000002701,75338,2,0
2000002701,75337,3,0
2000002701,75346,4,0
2000002701,75141,5,0
2000002701,75335,6,0
2000002701,75334,7,0
2000002701,75159,8,0
2000002701,75332,9,0
2000002701,75603,10,0
2000002701,75602,11,0
2000002701,75601,12,0
2000002701,75600,13,0
2000002701,75201,14,0
2000002701,75651,15,1
2000002801,75407,1,0
2000002801,75432,2,0
2000002801,75408,3,0
2000002801,75409,4,0
2000002801,75651,5,1
2000003500,75441,1,0
2000003500,75439,2,0
2000003500,75447,3,0
2000003500,75438,4,0
2000003500,75443,5,0
2000003500,75445,6,0
2000003500,75380,7,0
2000003500,75385,8,0
2000003500,75640,9,1
2000003501,75640,1,0
2000003501,75384,2,0
2000003501,75386,3,0
2000003501,75444,4,0
2000003501,75442,5,0
2000003501,75387,6,0
2000003501,75446,7,0
2000003501,75367,8,0
2000003501,75440,9,1
2000003600,75640,1,0
2000003600,75051,2,0
2000003600,75052,3,0
2000003600,75059,4,0
2000003600,75068,5,0
2000003600,75372,6,0
2000003600,75097,7,0
2000003600,75487,8,0
2000003600,75489,9,0
2000003600,75490,10,0
2000003600,75491,11,0
2000003600,75492,12,0
2000003600,75493,13,0
2000003600,75494,14,0
2000003600,75496,15,0
2000003600,75514,16,0
2000003600,75518,17,0
2000003600,75498,18,0
2000003600,75500,19,0
2000003600,75530,20,0
2000003600,75531,21,0
2000003600,75532,22,0
2000003600,75257,23,1
2000003601,75257,1,0
2000003601,75533,2,0
2000003601,75534,3,0
2000003601,75535,4,0
2000003601,75324,5,0
2000003601,75097,6,0
2000003601,75487,7,0
2000003601,75489,8,0
2000003601,75490,9,0
2000003601,75491,10,0
2000003601,75492,11,0
2000003601,75493,12,0
2000003601,75494,13,0
2000003601,75496,14,0
2000003601,75514,15,0
2000003601,75518,16,0
2000003601,75498,17,0
2000003601,75448,18,0
2000003601,75451,19,0
2000003601,75449,20,0
2000003601,75453,21,0
2000003601,75055,22,0
2000003601,75640,23,1
2000003700,75640,1,0
2000003700,75051,2,0
2000003700,75052,3,0
2000003700,75372,4,0
2000003700,75503,5,0
2000003700,75500,6,0
2000003700,75560,7,0
2000003700,75561,8,0
2000003700,75562,9,0
2000003700,75563,10,0
2000003700,75564,11,0
2000003700,75324,12,0
2000003700,75504,13,0
2000003700,75448,14,0
2000003700,75453,15,0
2000003700,75460,16,1
2000005100,74464,1,0
2000005100,75017,2,0
2000005100,75651,3,0
2000005100,75640,4,1
2000005101,75640,1,0
2000005101,75651,2,0
2000005101,75018,3,0
2000005101,74464,4,1
