'LRRS-A23-GTFSLRR-Fête-2-02',55000,73100,4,'',0,1500,4,'',0,10000,4,'',0,76300,4,'',0,10000,4,'',0,10000,4,'',0
'LRRS-A23-GTFSLRR-Semaine-03',55000,73100,4,'',0,1500,4,'',0,10000,4,'',0,76300,4,'',0,10000,4,'',0,10000,4,'',0
'LRRS-A23-GTFSLRR-Semaine-04',55000,73100,4,'',0,1500,4,'',0,10000,4,'',0,76300,4,'',0,10000,4,'',0,10000,4,'',0
'LRRS-A23-GTFSLRR-Fête-2-02',55100,73600,4,'',0,1500,4,'',0,10000,4,'',0,75300,4,'',0,10000,4,'',0,10000,4,'',0
'LRRS-A23-GTFSLRR-Semaine-03',55100,73600,4,'',0,1500,4,'',0,10000,4,'',0,75300,4,'',0,10000,4,'',0,10000,4,'',0
'LRRS-A23-GTFSLRR-Semaine-04',55100,73600,4,'',0,1500,4,'',0,10000,4,'',0,75300,4,'',0,10000,4,'',0,10000,4,'',0
'LRRS-A23-GTFSLRR-Fête-2-02',55500,65400,4,'',0,7500,4,'',0,2000,4,'',0,8500,4,'',0,67400,4,'',0,10400,4,'',0,10000,4,'',0
'LRRS-A23-GTFSLRR-Semaine-03',55500,73900,4,'',0,1500,4,'',0,8500,4,'',0,66900,4,'',0,10400,4,'',0,10000,4,'',0
'LRRS-A23-GTFSLRR-Semaine-04',55500,65400,4,'',0,7500,4,'',0,2000,4,'',0,8500,4,'',0,11000,4,'',0,20000,4,'',0,36400,4,'',0,10400,4,'',0,10000,4,'',0
'LRRS-A23-GTFSLRR-Fête-2-02',65100,64650,4,'',0,29800,4,'',0,9900,4,'',0,10000,4,'',0,10000,4,'',0,10000,4,'',0,10000,4,'',0,40300,4,'',0,9900,4,'',0,9900,4,'',0,10000,4,'',0,10000,4,'',0
'LRRS-A23-GTFSLRR-Semaine-03',65100,64650,4,'',0,29800,4,'',0,9900,4,'',0,10000,4,'',0,10000,4,'',0,10000,4,'',0,10000,4,'',0,40300,4,'',0,9900,4,'',0,9900,4,'',0,10000,4,'',0,10000,4,'',0
'LRRS-A23-GTFSLRR-Semaine-04',65100,64650,4,'',0,29800,4,'',0,9900,4,'',0,10000,4,'',0,10000,4,'',0,10000,4,'',0,10000,4,'',0,40300,4,'',0,9900,4,'',0,9900,4,'',0,10000,4,'',0,10000,4,'',0
