'LRRS-A23-GTFSLRR-Fête-2-06',14500,61500,4,'',0,10000,4,'',0,10000,4,'',0,73600,4,'',0,7000,4,'',0,3000,4,'',0,7000,4,'',0,3000,4,'',0
'LRRS-A23-GTFSLRR-Fête-2-06',14501,54600,,'',0,10000,,'',0,7000,,'',0,3000,,'',0,7000,,'',0,70300,,'',0,10000,,'',0,9600,,'',0
'LRRS-A23-GTFSLRR-Semaine-10',14500,61500,4,'',0,10000,4,'',0,10000,4,'',0,73600,4,'',0,7000,4,'',0,3000,4,'',0,7000,4,'',0,3000,4,'',0
'LRRS-A23-GTFSLRR-Semaine-10',14501,54600,,'',0,10000,,'',0,7000,,'',0,3000,,'',0,7000,,'',0,70300,,'',0,10000,,'',0,9600,,'',0
'LRRS-A23-GTFSLRR-Fête-2-06',15700,60200,,'',0,1800,4,'',0,200,,'',0,1800,4,'',0,200,,'',0,5800,4,'',0,200,,'',0,1800,4,'',0,200,,'',0,1800,4,'',0,1200,,'',0,5800,4,'',0,82000,,'',0,1800,4,'',0,200,,'',0,5800,4,'',0,500,,'',0,1800,4,'',0,200,,'',0,1800,4,'',0,600,,'',0,5800,4,'',0,200,,'',0,1800,4,'',0
'LRRS-A23-GTFSLRR-Semaine-10',15700,60200,,'',0,1800,4,'',0,200,,'',0,1800,4,'',0,200,,'',0,5800,4,'',0,200,,'',0,1800,4,'',0,200,,'',0,1800,4,'',0,1200,,'',0,5800,4,'',0,82000,,'',0,1800,4,'',0,200,,'',0,5800,4,'',0,500,,'',0,1800,4,'',0,200,,'',0,1800,4,'',0,600,,'',0,5800,4,'',0,200,,'',0,1800,4,'',0
'LRRS-A23-GTFSLRR-Fête-2-06',15800,124500,4,'',0,30000,4,'',0,7000,4,'',0,3000,4,'',0,7000,4,'',0
'LRRS-A23-GTFSLRR-Fête-2-06',15801,63000,,'',0,7000,,'',0,3000,,'',0,7000,,'',0,41500,,'',0
'LRRS-A23-GTFSLRR-Semaine-10',15800,124700,4,'',0,29800,4,'',0,7000,4,'',0,3000,4,'',0,7000,4,'',0
'LRRS-A23-GTFSLRR-Semaine-10',15801,63000,,'',0,7000,,'',0,3000,,'',0,7000,,'',0,41700,,'',0
