1101,0,'AM',11
1100,0,'PM',11
2100,0,'AM',21
2101,0,'PM',21
2201,0,'AM-PM',22
2300,0,'AM-PM',23
2501,0,'Stat Incitatif La Prairie',25
2500,0,'Symbiocité',25
2800,0,'AM-PM',28
2900,0,'AM-PM',29
3100,0,'AM',31
3101,0,'PM',31
3200,0,'AM',32
3201,0,'PM',32
3300,0,'AM-PM',33
3800,0,'AM-PM',38
3900,0,'AM-PM',39
12301,0,'Montréal',123
12300,0,'Prairie',123
12401,0,'Montréal',124
12400,0,'Prairie',124
32101,0,'Montréal',321
32100,0,'Prairie',321
32300,0,'Candiac',323
32301,0,'Montréal',323
34000,0,'Cégep',340
34001,0,'Terminus Longueuil',340
34100,0,'AM',341
34101,0,'PM',341
34300,0,'AM',343
34301,0,'PM',343
2001101,0,'AM',20011
2001100,0,'PM',20011
2001200,0,'AM',20012
2001201,0,'PM',20012
2002200,0,'Clairière',20022
2002700,0,'Place Johanne',20027
2002701,0,'Stat La Prairie',20027
2002801,0,'Stat La Prairie',20028
2003501,0,'Laliberté',20035
2003500,0,'Stat Candiac',20035
2003600,0,'Gare Candiac',20036
2003601,0,'Stat Candiac',20036
2003700,0,'Strasbourg',20037
2005101,0,'Brossard',20051
2005100,0,'Candiac',20051
