'LRRS-A23-GTFSLRR-Semaine-08',55300,61200,,'',0,3000,,'',0,7000,,'',0,3200,,'',0,7000,,'',0
'LRRS-A23-GTFSLRR-Semaine-10',55300,61200,,'',0,3000,,'',0,7000,,'',0,3200,,'',0,7000,,'',0
'LRRS-A23-GTFSLRR-Fête-1-08',65000,53700,4,'',0,12000,4,'',0,16000,4,'',0,12000,4,'',0,12000,4,'',0,16000,4,'',0,12000,4,'',0,12000,4,'',0,16000,4,'',0,12000,4,'',0,12000,4,'',0,16000,4,'',0,12000,4,'',0,12000,4,'',0,16000,4,'',0
'LRRS-A23-GTFSLRR-Fête-2-06',65000,45800,4,'',0,8000,4,'',0,10000,4,'',0,8000,4,'',0,4000,4,'',0,8000,4,'',0,7900,4,'',0,2000,4,'',0,8000,4,'',0,2000,4,'',0,8000,4,'',0,2000,4,'',0,8000,4,'',0,2000,4,'',0,8000,4,'',0,2000,4,'',0,8000,4,'',0,2000,4,'',0,2000,4,'',0,6100,4,'',0,4000,4,'',0,8000,4,'',0,8000,4,'',0,10000,4,'',0,9900,4,'',0,10000,4,'',0,10000,4,'',0,10000,4,'',0,11000,4,'',0,8000,4,'',0,4000,4,'',0
'LRRS-A23-GTFSLRR-Semaine-08',65000,45800,4,'',0,8000,4,'',0,10000,4,'',0,8000,4,'',0,4000,4,'',0,8000,4,'',0,7900,4,'',0,2000,4,'',0,8000,4,'',0,2000,4,'',0,8000,4,'',0,2000,4,'',0,8000,4,'',0,2000,4,'',0,8000,4,'',0,2000,4,'',0,8000,4,'',0,2000,4,'',0,2000,4,'',0,6100,4,'',0,4000,4,'',0,8000,4,'',0,8000,4,'',0,10000,4,'',0,9900,4,'',0,10000,4,'',0,10000,4,'',0,10000,4,'',0,11000,4,'',0,8000,4,'',0,4000,4,'',0
'LRRS-A23-GTFSLRR-Semaine-10',65000,45800,4,'',0,8000,4,'',0,10000,4,'',0,8000,4,'',0,4000,4,'',0,8000,4,'',0,7900,4,'',0,2000,4,'',0,8000,4,'',0,2000,4,'',0,8000,4,'',0,2000,4,'',0,8000,4,'',0,2000,4,'',0,8000,4,'',0,2000,4,'',0,8000,4,'',0,2000,4,'',0,2000,4,'',0,6100,4,'',0,4000,4,'',0,8000,4,'',0,8000,4,'',0,10000,4,'',0,9900,4,'',0,10000,4,'',0,10000,4,'',0,10000,4,'',0,11000,4,'',0,8000,4,'',0,4000,4,'',0
'LRRS-A23-GTFSLRR-Week-end-07',65000,53700,4,'',0,12000,4,'',0,16000,4,'',0,12000,4,'',0,12000,4,'',0,16000,4,'',0,12000,4,'',0,12000,4,'',0,16000,4,'',0,12000,4,'',0,12000,4,'',0,16000,4,'',0,12000,4,'',0,12000,4,'',0,16000,4,'',0
'LRRS-A23-GTFSLRR-Fête-1-08',65100,61700,0,'Term Panama',0,12000,0,'Term Panama',0,12000,0,'Term Panama',0,16000,0,'Term Panama',0,12000,0,'Term Panama',0,12000,0,'Term Panama',0,16000,0,'Term Panama',0,12000,0,'Term Panama',0,12000,0,'Term Panama',0,16000,0,'Term Panama',0,12000,0,'Term Panama',0,12000,0,'Term Panama',0,16000,0,'Term Panama',0,12000,0,'Term Panama',0,12000,0,'Term Panama',0
'LRRS-A23-GTFSLRR-Fête-2-06',65100,55800,,'',0,30000,,'',0,9900,,'',0,10000,,'',0,10000,,'',0,10000,,'',0,10000,,'',0,40100,,'',0,10000,,'',0,9900,,'',0,10000,,'',0,10000,,'',0
'LRRS-A23-GTFSLRR-Semaine-08',65100,55800,,'',0,30000,,'',0,9900,,'',0,10000,,'',0,10000,,'',0,10000,,'',0,10000,,'',0,40100,,'',0,10000,,'',0,9900,,'',0,10000,,'',0,10000,,'',0
'LRRS-A23-GTFSLRR-Semaine-10',65100,55800,,'',0,30000,,'',0,9900,,'',0,10000,,'',0,10000,,'',0,10000,,'',0,10000,,'',0,40100,,'',0,10000,,'',0,9900,,'',0,10000,,'',0,10000,,'',0
'LRRS-A23-GTFSLRR-Week-end-07',65100,61700,0,'Term Panama',0,12000,0,'Term Panama',0,12000,0,'Term Panama',0,16000,0,'Term Panama',0,12000,0,'Term Panama',0,12000,0,'Term Panama',0,16000,0,'Term Panama',0,12000,0,'Term Panama',0,12000,0,'Term Panama',0,16000,0,'Term Panama',0,12000,0,'Term Panama',0,12000,0,'Term Panama',0,16000,0,'Term Panama',0,12000,0,'Term Panama',0,12000,0,'Term Panama',0
