'LRRS-A23-GTFSLRR-Fête-2-04',55000,72300,4,'',0,1500,4,'',0,10000,4,'',0,76300,4,'',0,10000,4,'',0,10000,4,'',0
'LRRS-A23-GTFSLRR-Fête-2-04',55001,74800,,'',0,5500,,'',0,10000,,'',0,72300,,'',0,10000,,'',0,10000,,'',0
'LRRS-A23-GTFSLRR-Semaine-06',55000,72300,4,'',0,1500,4,'',0,10000,4,'',0,76300,4,'',0,10000,4,'',0,10000,4,'',0
'LRRS-A23-GTFSLRR-Semaine-06',55001,74800,,'',0,5500,,'',0,10000,,'',0,72300,,'',0,10000,,'',0,10000,,'',0
'LRRS-A23-GTFSLRR-Semaine-08',55000,72300,4,'',0,1500,4,'',0,10000,4,'',0,76300,4,'',0,10000,4,'',0,10000,4,'',0
'LRRS-A23-GTFSLRR-Semaine-08',55001,74800,,'',0,5500,,'',0,10000,,'',0,72300,,'',0,10000,,'',0,10000,,'',0
'LRRS-A23-GTFSLRR-Fête-2-04',55100,72800,4,'',0,1500,4,'',0,10000,4,'',0,71300,4,'',0,10000,4,'',0,10000,4,'',0
'LRRS-A23-GTFSLRR-Fête-2-04',55101,75300,,'',0,5500,,'',0,10000,,'',0,71300,,'',0,10000,,'',0,10000,,'',0
'LRRS-A23-GTFSLRR-Semaine-06',55100,72800,4,'',0,1500,4,'',0,10000,4,'',0,71300,4,'',0,10000,4,'',0,10000,4,'',0
'LRRS-A23-GTFSLRR-Semaine-06',55101,75300,,'',0,5500,,'',0,10000,,'',0,71300,,'',0,10000,,'',0,10000,,'',0
'LRRS-A23-GTFSLRR-Semaine-08',55100,72800,4,'',0,1500,4,'',0,10000,4,'',0,71300,4,'',0,10000,4,'',0,10000,4,'',0
'LRRS-A23-GTFSLRR-Semaine-08',55101,75300,,'',0,5500,,'',0,10000,,'',0,71300,,'',0,10000,,'',0,10000,,'',0
'LRRS-A23-GTFSLRR-Fête-2-04',55500,64800,4,'',0,7500,4,'',0,2000,4,'',0,8500,4,'',0,67400,4,'',0,10400,4,'',0,10000,4,'',0
'LRRS-A23-GTFSLRR-Fête-2-04',55501,75300,,'',0,5500,,'',0,4500,,'',0,67800,,'',0,10000,,'',0,10000,,'',0,10000,,'',0
'LRRS-A23-GTFSLRR-Semaine-06',55500,64800,4,'',0,7500,4,'',0,2000,4,'',0,8500,4,'',0,11000,4,'',0,20000,4,'',0,36400,4,'',0,10400,4,'',0,10000,4,'',0
'LRRS-A23-GTFSLRR-Semaine-06',55501,75300,,'',0,5500,,'',0,4500,,'',0,67800,,'',0,10000,,'',0,10000,,'',0,10000,,'',0
'LRRS-A23-GTFSLRR-Semaine-08',55500,64800,4,'',0,7500,4,'',0,2000,4,'',0,8500,4,'',0,11000,4,'',0,20000,4,'',0,36400,4,'',0,10400,4,'',0,10000,4,'',0
'LRRS-A23-GTFSLRR-Semaine-08',55501,75300,,'',0,5500,,'',0,4500,,'',0,67800,,'',0,10000,,'',0,10000,,'',0,10000,,'',0
'LRRS-A23-GTFSLRR-Fête-2-04',65100,63900,4,'',0,29800,4,'',0,9900,4,'',0,10000,4,'',0,10000,4,'',0,10000,4,'',0,10000,4,'',0,40300,4,'',0,9900,4,'',0,9900,4,'',0,10000,4,'',0,10000,4,'',0
'LRRS-A23-GTFSLRR-Fête-2-04',65101,72500,,'',0,30000,,'',0,10000,,'',0,10000,,'',0,10000,,'',0,10000,,'',0,10000,,'',0,40100,,'',0,10000,,'',0,10000,,'',0,10000,,'',0,10000,,'',0
'LRRS-A23-GTFSLRR-Semaine-06',65100,63900,4,'',0,29800,4,'',0,9900,4,'',0,10000,4,'',0,10000,4,'',0,10000,4,'',0,10000,4,'',0,40300,4,'',0,9900,4,'',0,9900,4,'',0,10000,4,'',0,10000,4,'',0
'LRRS-A23-GTFSLRR-Semaine-06',65101,72500,,'',0,30000,,'',0,10000,,'',0,10000,,'',0,10000,,'',0,10000,,'',0,10000,,'',0,40100,,'',0,10000,,'',0,10000,,'',0,10000,,'',0,10000,,'',0
'LRRS-A23-GTFSLRR-Semaine-08',65100,63900,4,'',0,29800,4,'',0,9900,4,'',0,10000,4,'',0,10000,4,'',0,10000,4,'',0,10000,4,'',0,40300,4,'',0,9900,4,'',0,9900,4,'',0,10000,4,'',0,10000,4,'',0
'LRRS-A23-GTFSLRR-Semaine-08',65101,72500,,'',0,30000,,'',0,10000,,'',0,10000,,'',0,10000,,'',0,10000,,'',0,10000,,'',0,40100,,'',0,10000,,'',0,10000,,'',0,10000,,'',0,10000,,'',0
