'LRRS-A23-GTFSLRR-Fête-1-03',15501,60700,4,'',0,12400,,'',0,7600,4,'',0,12400,,'',0,7600,4,'',0,12400,,'',0,7600,4,'',0,12400,,'',0,7600,4,'',0,10800,,'',0,3600,4,'',0,16400,,'',0,3600,4,'',0,16400,,'',0,3600,4,'',0,16400,,'',0,3600,4,'',0,16400,,'',0,3600,4,'',0,16400,,'',0,3600,4,'',0
'LRRS-A23-GTFSLRR-Fête-1-04',15501,60600,4,'',0,12700,,'',0,7400,4,'',0,12600,,'',0,7400,4,'',0,12600,,'',0,7400,4,'',0,12600,,'',0,7400,4,'',0,11000,,'',0,3400,4,'',0,16600,,'',0,3400,4,'',0,16600,,'',0,3400,4,'',0,16600,,'',0,3400,4,'',0,16600,,'',0,3400,4,'',0,16600,,'',0,3400,4,'',0
'LRRS-A23-GTFSLRR-Fête-2-02',15501,44500,4,'',0,500,,'',0,7000,,'',0,400,4,'',0,2400,,'',0,600,4,'',0,6900,4,'',0,600,,'',0,2100,,'',0,5500,4,'',0,1600,,'',0,500,4,'',0,2600,,'',0,500,4,'',0,6000,,'',0,1100,4,'',0,1500,,'',0,1000,4,'',0,6500,4,'',0,700,,'',0,3400,4,'',0,6500,,'',0,3400,4,'',0,6600,,'',0,3400,4,'',0,6600,,'',0,3400,4,'',0,6600,,'',0,3400,4,'',0,6600,,'',0,3400,4,'',0,6600,,'',0,7600,4,'',0,1400,,'',0,2200,,'',0,1400,4,'',0,5700,,'',0,500,4,'',0,2600,,'',0,500,4,'',0,1000,,'',0,6100,4,'',0,200,,'',0,1300,4,'',0,1200,,'',0,1100,4,'',0,6400,4,'',0,800,,'',0,3300,4,'',0,6700,,'',0,3300,4,'',0,6700,,'',0,3300,4,'',0,6700,,'',0,3300,4,'',0,6700,,'',0,3300,4,'',0,6100,,'',0,3300,4,'',0,15000,,'',0
'LRRS-A23-GTFSLRR-Semaine-03',15501,44600,4,'',0,400,,'',0,7000,,'',0,600,4,'',0,2100,,'',0,900,4,'',0,6800,4,'',0,500,,'',0,2000,,'',0,5800,4,'',0,1300,,'',0,700,4,'',0,2400,,'',0,700,4,'',0,5800,,'',0,1300,4,'',0,1300,,'',0,1200,4,'',0,6500,4,'',0,600,,'',0,7600,4,'',0,2300,,'',0,7600,4,'',0,2400,,'',0,7600,4,'',0,2400,,'',0,7600,4,'',0,2400,,'',0,7600,4,'',0,2400,,'',0,7600,4,'',0,2400,,'',0,3500,,'',0,4300,4,'',0,1200,,'',0,2100,,'',0,200,4,'',0,1500,4,'',0,5400,,'',0,700,4,'',0,2400,,'',0,700,4,'',0,800,,'',0,6300,,'',0,1500,4,'',0,1000,,'',0,1300,4,'',0,6400,4,'',0,700,,'',0,7600,4,'',0,2400,,'',0,7600,4,'',0,2400,,'',0,7600,4,'',0,2400,,'',0,7600,4,'',0,2400,,'',0,7600,4,'',0,1800,,'',0,3600,4,'',0,14700,,'',0
'LRRS-A23-GTFSLRR-Semaine-04',15501,44500,4,'',0,500,,'',0,7000,,'',0,400,4,'',0,2400,,'',0,600,4,'',0,6900,4,'',0,600,,'',0,2100,,'',0,5500,4,'',0,1600,,'',0,500,4,'',0,2600,,'',0,500,4,'',0,6000,,'',0,1100,4,'',0,1500,,'',0,1000,4,'',0,6500,4,'',0,700,,'',0,3400,4,'',0,6500,,'',0,3400,4,'',0,6600,,'',0,3400,4,'',0,6600,,'',0,3400,4,'',0,6600,,'',0,3400,4,'',0,6600,,'',0,3400,4,'',0,6600,,'',0,7600,4,'',0,1400,,'',0,2200,,'',0,1400,4,'',0,5700,,'',0,500,4,'',0,2600,,'',0,500,4,'',0,1000,,'',0,6100,4,'',0,200,,'',0,1300,4,'',0,1200,,'',0,1100,4,'',0,6400,4,'',0,800,,'',0,3300,4,'',0,6700,,'',0,3300,4,'',0,6700,,'',0,3300,4,'',0,6700,,'',0,3300,4,'',0,6700,,'',0,3300,4,'',0,6100,,'',0,3300,4,'',0,15000,,'',0
'LRRS-A23-GTFSLRR-Week-end-02',15501,60700,4,'',0,12400,,'',0,7600,4,'',0,12400,,'',0,7600,4,'',0,12400,,'',0,7600,4,'',0,12400,,'',0,7600,4,'',0,10800,,'',0,3600,4,'',0,16400,,'',0,3600,4,'',0,16400,,'',0,3600,4,'',0,16400,,'',0,3600,4,'',0,16400,,'',0,3600,4,'',0,16400,,'',0,3600,4,'',0
'LRRS-A23-GTFSLRR-Week-end-03',15501,60600,4,'',0,12700,,'',0,7400,4,'',0,12600,,'',0,7400,4,'',0,12600,,'',0,7400,4,'',0,12600,,'',0,7400,4,'',0,11000,,'',0,3400,4,'',0,16600,,'',0,3400,4,'',0,16600,,'',0,3400,4,'',0,16600,,'',0,3400,4,'',0,16600,,'',0,3400,4,'',0,16600,,'',0,3400,4,'',0
'LRRS-A23-GTFSLRR-Fête-1-03',15601,60500,,'',0,4200,4,'',0,15500,,'',0,4500,4,'',0,15500,,'',0,4500,4,'',0,15500,,'',0,4500,4,'',0,15800,,'',0,4500,4,'',0,15500,,'',0,4500,4,'',0,15500,,'',0,4500,4,'',0,15500,,'',0,3900,4,'',0,16100,,'',0,3900,4,'',0,16100,,'',0,3900,4,'',0,16000,,'',0
'LRRS-A23-GTFSLRR-Fête-1-04',15601,60500,,'',0,4100,4,'',0,15700,,'',0,4400,4,'',0,15600,,'',0,4400,4,'',0,15600,,'',0,4400,4,'',0,15900,,'',0,4400,4,'',0,15600,,'',0,4400,4,'',0,15600,,'',0,4400,4,'',0,15600,,'',0,3800,4,'',0,16200,,'',0,3800,4,'',0,16200,,'',0,3800,4,'',0,16100,,'',0
'LRRS-A23-GTFSLRR-Fête-2-02',15601,53400,,'',0,8000,4,'',0,200,,'',0,2000,,'',0,2100,4,'',0,5000,,'',0,1000,4,'',0,1900,,'',0,1200,4,'',0,5300,,'',0,1900,4,'',0,700,,'',0,1800,4,'',0,5800,,'',0,800,4,'',0,3500,4,'',0,5500,,'',0,4300,4,'',0,5600,,'',0,4300,4,'',0,5700,,'',0,4300,4,'',0,5700,,'',0,4300,4,'',0,5700,,'',0,4300,4,'',0,5700,,'',0,3900,,'',0,700,4,'',0,1000,,'',0,6200,,'',0,700,4,'',0,1700,4,'',0,700,,'',0,5500,4,'',0,1600,,'',0,1500,4,'',0,6600,,'',0,500,4,'',0,2000,,'',0,1800,4,'',0,5700,,'',0,800,4,'',0,3500,4,'',0,5700,,'',0,4300,4,'',0,5600,,'',0,4300,4,'',0,5700,,'',0,4300,4,'',0,5700,,'',0,3800,4,'',0,2000,,'',0,7800,4,'',0,8200,,'',0,3800,4,'',0
'LRRS-A23-GTFSLRR-Semaine-03',15601,53300,,'',0,8100,4,'',0,100,,'',0,2000,,'',0,2200,4,'',0,4900,,'',0,1100,4,'',0,1800,,'',0,1300,4,'',0,5200,,'',0,2000,4,'',0,600,,'',0,1900,4,'',0,5700,,'',0,900,4,'',0,3500,4,'',0,5400,,'',0,4400,4,'',0,5600,,'',0,4400,4,'',0,5600,,'',0,4400,4,'',0,5600,,'',0,4400,4,'',0,5600,,'',0,4400,4,'',0,5600,,'',0,3800,,'',0,900,4,'',0,900,,'',0,6100,,'',0,800,4,'',0,1800,4,'',0,500,,'',0,5600,4,'',0,1500,,'',0,1600,4,'',0,2200,,'',0,4900,4,'',0,1600,,'',0,2200,4,'',0,5600,,'',0,900,4,'',0,3500,4,'',0,5600,,'',0,4400,4,'',0,5600,,'',0,4400,4,'',0,5600,,'',0,4400,4,'',0,5600,,'',0,3900,4,'',0,1900,,'',0,7900,4,'',0,8100,,'',0,3900,4,'',0
'LRRS-A23-GTFSLRR-Semaine-04',15601,53400,,'',0,8000,4,'',0,200,,'',0,2000,,'',0,2100,4,'',0,5000,,'',0,1000,4,'',0,1900,,'',0,1200,4,'',0,5300,,'',0,1900,4,'',0,700,,'',0,1800,4,'',0,5800,,'',0,800,4,'',0,3500,4,'',0,5500,,'',0,4300,4,'',0,5600,,'',0,4300,4,'',0,5700,,'',0,4300,4,'',0,5700,,'',0,4300,4,'',0,5700,,'',0,4300,4,'',0,5700,,'',0,3900,,'',0,700,4,'',0,1000,,'',0,6200,,'',0,700,4,'',0,1700,4,'',0,700,,'',0,5500,4,'',0,1600,,'',0,1500,4,'',0,6600,,'',0,500,4,'',0,2000,,'',0,1800,4,'',0,5700,,'',0,800,4,'',0,3500,4,'',0,5700,,'',0,4300,4,'',0,5600,,'',0,4300,4,'',0,5700,,'',0,4300,4,'',0,5700,,'',0,3800,4,'',0,2000,,'',0,7800,4,'',0,8200,,'',0,3800,4,'',0
'LRRS-A23-GTFSLRR-Week-end-02',15601,60500,,'',0,4200,4,'',0,15500,,'',0,4500,4,'',0,15500,,'',0,4500,4,'',0,15500,,'',0,4500,4,'',0,15800,,'',0,4500,4,'',0,15500,,'',0,4500,4,'',0,15500,,'',0,4500,4,'',0,15500,,'',0,3900,4,'',0,16100,,'',0,3900,4,'',0,16100,,'',0,3900,4,'',0,16000,,'',0
'LRRS-A23-GTFSLRR-Week-end-03',15601,60500,,'',0,4100,4,'',0,15700,,'',0,4400,4,'',0,15600,,'',0,4400,4,'',0,15600,,'',0,4400,4,'',0,15900,,'',0,4400,4,'',0,15600,,'',0,4400,4,'',0,15600,,'',0,4400,4,'',0,15600,,'',0,3800,4,'',0,16200,,'',0,3800,4,'',0,16200,,'',0,3800,4,'',0,16100,,'',0
