'LRRS-A23-GTFSLRR-Fête-1-08',13401,80100,4,'',0,20000,4,'',0,20000,4,'',0,20000,4,'',0,13500,4,'',0,20000,4,'',0,20000,4,'',0
'LRRS-A23-GTFSLRR-Fête-2-06',13401,132800,4,'',0,27700,4,'',0,2000,4,'',0,1800,4,'',0,6200,4,'',0,2000,4,'',0,2000,4,'',0,6000,4,'',0,4000,4,'',0,8000,4,'',0
'LRRS-A23-GTFSLRR-Semaine-08',13401,132800,4,'',0,27700,4,'',0,2000,4,'',0,1800,4,'',0,6200,4,'',0,2000,4,'',0,2000,4,'',0,6000,4,'',0,4000,4,'',0,8000,4,'',0
'LRRS-A23-GTFSLRR-Semaine-10',13401,132800,4,'',0,27700,4,'',0,2000,4,'',0,1800,4,'',0,6200,4,'',0,2000,4,'',0,2000,4,'',0,6000,4,'',0,4000,4,'',0,8000,4,'',0
'LRRS-A23-GTFSLRR-Week-end-07',13401,80100,4,'',0,20000,4,'',0,20000,4,'',0,20000,4,'',0,13500,4,'',0,20000,4,'',0,20000,4,'',0
'LRRS-A23-GTFSLRR-Fête-2-06',13500,163600,4,'',0,1900,4,'',0,6000,4,'',0,3100,4,'',0,7000,4,'',0,3800,4,'',0,6500,4,'',0
'LRRS-A23-GTFSLRR-Semaine-08',13500,163600,4,'',0,1900,4,'',0,6000,4,'',0,3100,4,'',0,7000,4,'',0,3800,4,'',0,6500,4,'',0
'LRRS-A23-GTFSLRR-Semaine-10',13500,163600,4,'',0,1900,4,'',0,6000,4,'',0,3100,4,'',0,7000,4,'',0,3800,4,'',0,6500,4,'',0
'LRRS-A23-GTFSLRR-Fête-2-06',35000,161000,,'',0,10000,,'',0,2000,,'',0,2000,,'',0,6000,,'',0,4000,,'',0,8000,,'',0
'LRRS-A23-GTFSLRR-Semaine-08',35000,161000,,'',0,10000,,'',0,2000,,'',0,2000,,'',0,6000,,'',0,4000,,'',0,8000,,'',0
'LRRS-A23-GTFSLRR-Semaine-10',35000,161000,,'',0,10000,,'',0,2000,,'',0,2000,,'',0,6000,,'',0,4000,,'',0,8000,,'',0
'LRRS-A23-GTFSLRR-Fête-2-06',45701,163900,4,'',0,10000,4,'',0
'LRRS-A23-GTFSLRR-Semaine-08',45701,163900,4,'',0,10000,4,'',0
'LRRS-A23-GTFSLRR-Semaine-10',45701,163900,4,'',0,10000,4,'',0
