'LRRS-A23-GTFSLRR-Fête-2-06',55000,73500,4,'',0,1500,4,'',0,10000,4,'',0,76300,4,'',0,10000,4,'',0,10000,4,'',0
'LRRS-A23-GTFSLRR-Fête-2-06',55001,73700,,'',0,1500,,'',0,10000,,'',0,76300,,'',0,10000,,'',0,10000,,'',0
'LRRS-A23-GTFSLRR-Semaine-10',55000,73500,4,'',0,1500,4,'',0,10000,4,'',0,76300,4,'',0,10000,4,'',0,10000,4,'',0
'LRRS-A23-GTFSLRR-Semaine-10',55001,73700,,'',0,1500,,'',0,10000,,'',0,76300,,'',0,10000,,'',0,10000,,'',0
'LRRS-A23-GTFSLRR-Fête-2-06',55100,74000,4,'',0,1500,4,'',0,10000,4,'',0,75300,4,'',0,10000,4,'',0,10000,4,'',0
'LRRS-A23-GTFSLRR-Fête-2-06',55101,74200,,'',0,1500,,'',0,10000,,'',0,75300,,'',0,10000,,'',0,10000,,'',0
'LRRS-A23-GTFSLRR-Semaine-10',55100,74000,4,'',0,1500,4,'',0,10000,4,'',0,75300,4,'',0,10000,4,'',0,10000,4,'',0
'LRRS-A23-GTFSLRR-Semaine-10',55101,74200,,'',0,1500,,'',0,10000,,'',0,75300,,'',0,10000,,'',0,10000,,'',0
'LRRS-A23-GTFSLRR-Fête-2-06',55500,70000,4,'',0,3500,4,'',0,2000,4,'',0,8500,4,'',0,67400,4,'',0,10400,4,'',0,10000,4,'',0
'LRRS-A23-GTFSLRR-Fête-2-06',55501,74200,,'',0,1500,,'',0,8500,,'',0,67800,,'',0,10000,,'',0,10000,,'',0,10000,,'',0
'LRRS-A23-GTFSLRR-Semaine-10',55500,70000,4,'',0,3500,4,'',0,2000,4,'',0,8500,4,'',0,11000,4,'',0,20000,4,'',0,36400,4,'',0,10400,4,'',0,10000,4,'',0
'LRRS-A23-GTFSLRR-Semaine-10',55501,74200,,'',0,1500,,'',0,8500,,'',0,67800,,'',0,10000,,'',0,10000,,'',0,10000,,'',0
'LRRS-A23-GTFSLRR-Fête-2-06',65100,65000,4,'',0,29800,4,'',0,9900,4,'',0,10000,4,'',0,10000,4,'',0,10000,4,'',0,10000,4,'',0,40300,4,'',0,9900,4,'',0,9900,4,'',0,10000,4,'',0,10000,4,'',0
'LRRS-A23-GTFSLRR-Fête-2-06',65101,71400,,'',0,30000,,'',0,10000,,'',0,10000,,'',0,10000,,'',0,10000,,'',0,10000,,'',0,40100,,'',0,10000,,'',0,10000,,'',0,10000,,'',0,10000,,'',0
'LRRS-A23-GTFSLRR-Semaine-10',65100,65000,4,'',0,29800,4,'',0,9900,4,'',0,10000,4,'',0,10000,4,'',0,10000,4,'',0,10000,4,'',0,40300,4,'',0,9900,4,'',0,9900,4,'',0,10000,4,'',0,10000,4,'',0
'LRRS-A23-GTFSLRR-Semaine-10',65101,71400,,'',0,30000,,'',0,10000,,'',0,10000,,'',0,10000,,'',0,10000,,'',0,10000,,'',0,40100,,'',0,10000,,'',0,10000,,'',0,10000,,'',0,10000,,'',0
