'LRRS-A23-GTFSLRR-Fête-1-07',65000,55950,4,'',0,16000,4,'',0,12000,4,'',0,12000,4,'',0,16000,4,'',0,12000,4,'',0,12000,4,'',0,16000,4,'',0,12000,4,'',0,12000,4,'',0,16000,4,'',0,12000,4,'',0,12000,4,'',0,16000,4,'',0,12000,4,'',0
'LRRS-A23-GTFSLRR-Fête-2-04',65000,52230,4,'',0,8000,4,'',0,10000,4,'',0,4000,4,'',0,8000,4,'',0,7920,4,'',0,3800,4,'',0,2000,4,'',0,8000,4,'',0,2000,4,'',0,8000,4,'',0,2000,4,'',0,8000,4,'',0,2000,4,'',0,8000,4,'',0,2000,4,'',0,8000,4,'',0,2000,4,'',0,6180,4,'',0,2100,4,'',0,8000,4,'',0,8000,4,'',0,4000,4,'',0,10000,4,'',0,9800,4,'',0,10000,4,'',0,10000,4,'',0,10000,4,'',0,11000,4,'',0,8000,4,'',0,8000,4,'',0
'LRRS-A23-GTFSLRR-Semaine-06',65000,52230,4,'',0,8000,4,'',0,10000,4,'',0,4000,4,'',0,8000,4,'',0,7920,4,'',0,3800,4,'',0,2000,4,'',0,8000,4,'',0,2000,4,'',0,8000,4,'',0,2000,4,'',0,8000,4,'',0,2000,4,'',0,8000,4,'',0,2000,4,'',0,8000,4,'',0,2000,4,'',0,6180,4,'',0,2100,4,'',0,8000,4,'',0,8000,4,'',0,4000,4,'',0,10000,4,'',0,9800,4,'',0,10000,4,'',0,10000,4,'',0,10000,4,'',0,11000,4,'',0,8000,4,'',0,8000,4,'',0
'LRRS-A23-GTFSLRR-Semaine-08',65000,52230,4,'',0,8000,4,'',0,10000,4,'',0,4000,4,'',0,8000,4,'',0,7920,4,'',0,3800,4,'',0,2000,4,'',0,8000,4,'',0,2000,4,'',0,8000,4,'',0,2000,4,'',0,8000,4,'',0,2000,4,'',0,8000,4,'',0,2000,4,'',0,8000,4,'',0,2000,4,'',0,6180,4,'',0,2100,4,'',0,8000,4,'',0,8000,4,'',0,4000,4,'',0,10000,4,'',0,9800,4,'',0,10000,4,'',0,10000,4,'',0,10000,4,'',0,11000,4,'',0,8000,4,'',0,8000,4,'',0
'LRRS-A23-GTFSLRR-Week-end-06',65000,55950,4,'',0,16000,4,'',0,12000,4,'',0,12000,4,'',0,16000,4,'',0,12000,4,'',0,12000,4,'',0,16000,4,'',0,12000,4,'',0,12000,4,'',0,16000,4,'',0,12000,4,'',0,12000,4,'',0,16000,4,'',0,12000,4,'',0
'LRRS-A23-GTFSLRR-Fête-1-07',65100,63950,4,'',0,12000,4,'',0,16000,4,'',0,12000,4,'',0,12000,4,'',0,16000,4,'',0,12000,4,'',0,12000,4,'',0,16000,4,'',0,12000,4,'',0,12000,4,'',0,16000,4,'',0,12000,4,'',0,12000,4,'',0,16000,4,'',0
'LRRS-A23-GTFSLRR-Fête-2-04',65100,62230,4,'',0,29820,4,'',0,9900,4,'',0,10000,4,'',0,10000,4,'',0,10000,4,'',0,10000,4,'',0,40280,4,'',0,9900,4,'',0,9900,4,'',0,10000,4,'',0,10000,4,'',0
'LRRS-A23-GTFSLRR-Semaine-06',65100,62230,4,'',0,29820,4,'',0,9900,4,'',0,10000,4,'',0,10000,4,'',0,10000,4,'',0,10000,4,'',0,40280,4,'',0,9900,4,'',0,9900,4,'',0,10000,4,'',0,10000,4,'',0
'LRRS-A23-GTFSLRR-Semaine-08',65100,62230,4,'',0,29820,4,'',0,9900,4,'',0,10000,4,'',0,10000,4,'',0,10000,4,'',0,10000,4,'',0,40280,4,'',0,9900,4,'',0,9900,4,'',0,10000,4,'',0,10000,4,'',0
'LRRS-A23-GTFSLRR-Week-end-06',65100,63950,4,'',0,12000,4,'',0,16000,4,'',0,12000,4,'',0,12000,4,'',0,16000,4,'',0,12000,4,'',0,12000,4,'',0,16000,4,'',0,12000,4,'',0,12000,4,'',0,16000,4,'',0,12000,4,'',0,12000,4,'',0,16000,4,'',0
