'LRRS-A23-GTFSLRR-Fête-1-08',35200,84200,4,'',0,16000,4,'',0,24000,4,'',0,28000,4,'',0,28000,4,'',0,11600,4,'',0,23900,4,'',0,8500,4,'',0,27600,4,'',0
'LRRS-A23-GTFSLRR-Fête-1-08',35201,65500,,'',0,15700,,'',0,12000,,'',0,28000,,'',0,24000,,'',0,28000,,'',0,48000,,'',0,20300,,'',0
'LRRS-A23-GTFSLRR-Fête-2-06',35200,85500,4,'',0,19800,4,'',0,15800,4,'',0,19700,4,'',0,24700,4,'',0,7500,4,'',0,7200,4,'',0,2800,4,'',0,7000,4,'',0,2500,4,'',0,8000,4,'',0,14500,4,'',0,15600,4,'',0,12000,4,'',0,12000,4,'',0
'LRRS-A23-GTFSLRR-Fête-2-06',35201,61700,,'',0,2500,,'',0,8500,,'',0,3000,,'',0,16200,,'',0,12000,,'',0,12000,,'',0,20000,,'',0,26000,,'',0,40300,,'',0,20000,,'',0,12000,,'',0
'LRRS-A23-GTFSLRR-Semaine-08',35200,83500,4,'',0,21600,4,'',0,16000,4,'',0,20000,4,'',0,29400,4,'',0,2500,4,'',0,7500,4,'',0,4000,4,'',0,6900,4,'',0,2900,4,'',0,6800,4,'',0,12000,4,'',0,18400,4,'',0,11600,4,'',0,12000,4,'',0
'LRRS-A23-GTFSLRR-Semaine-08',35201,62000,,'',0,2000,,'',0,6000,,'',0,5000,,'',0,16400,,'',0,12000,,'',0,12000,,'',0,20000,,'',0,26600,,'',0,39500,,'',0,20000,,'',0,11000,,'',0
'LRRS-A23-GTFSLRR-Semaine-10',35200,83500,4,'',0,21600,4,'',0,16000,4,'',0,20000,4,'',0,29400,4,'',0,2500,4,'',0,7500,4,'',0,4000,4,'',0,6900,4,'',0,2900,4,'',0,6800,4,'',0,12000,4,'',0,18400,4,'',0,11600,4,'',0,12000,4,'',0
'LRRS-A23-GTFSLRR-Semaine-10',35201,62000,,'',0,2000,,'',0,6000,,'',0,5000,,'',0,16400,,'',0,12000,,'',0,12000,,'',0,20000,,'',0,26600,,'',0,39500,,'',0,20000,,'',0,11000,,'',0
'LRRS-A23-GTFSLRR-Week-end-07',35200,84200,4,'',0,16000,4,'',0,24000,4,'',0,28000,4,'',0,28000,4,'',0,11600,4,'',0,23900,4,'',0,8500,4,'',0,27600,4,'',0
'LRRS-A23-GTFSLRR-Week-end-07',35201,65500,,'',0,15700,,'',0,12000,,'',0,28000,,'',0,24000,,'',0,28000,,'',0,48000,,'',0,20300,,'',0
