134,13400,'Fête-1-02',2256,2257,2258,2259,2260,2261,2262
134,13400,'Week-end-01',1,2,3,4,5,6,7
134,13400,'Semaine-01',25,26,27,28,29,30,31,32,33,34
134,13401,'Fête-1-02',2263,2264,2265,2266,2267,2268,2269
134,13401,'Week-end-01',35,36,37,38,39,40,41
134,13401,'Semaine-01',59,60,61,62,63,64,65,66,67,68
135,13500,'Semaine-01',76,77,78,79,80,81,82
135,13501,'Semaine-01',90,91,92,93,94,95,96
140,14001,'Fête-1-02',2270,2271,2272,2273,2274,2275,2276,2277,2278,2279,2280,2281,2282,2283,2284,2285,2286,2287,2288
140,14001,'Week-end-01',97,98,99,100,101,102,103,104,105,106,107,108,109,110,111,112,113,114,115
140,14001,'Semaine-01',181,182,183,184,185,186,187,188,189,190,191,192,193,194,195,196,197,198,199,200,201,202,203,204,205,206,207,208,209,210,211,212,213,214,215,216,217,218,219,220,221,222,223,224,225,227
141,14100,'Fête-1-02',2289,2290,2291,2292,2293,2294,2295,2296,2297,2298,2299,2300,2301,2302,2303,2304,2305,2306,2307,2308,2309,2310,2311,2312,2313,2314,2315,2316,2317,2318
141,14100,'Week-end-01',228,229,230,231,232,233,234,235,236,237,238,239,240,241,242,243,244,245,246,247,248,249,250,251,252,253,254,255,256,257
141,14100,'Semaine-01',336,337,338,339,340,341,342,343,344,345,346,347,348,349,350,351,352,353,354,355,356,357,358,359,360,361,362,363,364,365,366,367,368,369,370,371,372,373,374,375,376,377,378,379,380,381,382,383
142,14201,'Semaine-01',421,422,423,424,425,426,427,428,429,430,431,432,433,434,435,436,437,438,439,440,441,442,443,444,445,446,447,448,449,450,451,452,453,454,455,456,457
143,14300,'Semaine-01',471,472,473,474,475,476,477,478,479,480,481,482,483
143,14301,'Semaine-01',508,509,510,511,512,513,514,515,516,517,518,519,520,521,522,523,524,525,526,527,528,529,530,531
144,14400,'Fête-1-02',2319,2320,2321,2322,2323,2324
144,14400,'Week-end-01',532,533,534,535,536,537
144,14400,'Semaine-01',563,564,565,566,567,568,569,570,571,572,573,574,575,576,577,578,579,580,581
144,14401,'Fête-1-02',2325,2326,2327,2328,2329,2330,2331
144,14401,'Week-end-01',582,583,584,585,586,587,588
144,14401,'Semaine-01',615,616,617,618,619,620,621,622,623,624,625,626,627,628,629,630,631,632,633
145,14500,'Semaine-01',642,643,644,645,646,647,648,649
145,14501,'Semaine-01',658,659,660,661,662,663,664,665
146,14600,'Semaine-01',698,699,700,701,702,703,704,705,706,707,708,709,710,711,712,713,714,715,716,717,718,719,720,721,722,723,724,725,726,727,728,729
146,14601,'Semaine-01',761,762,763,764,765,766,767,768,769,770,771,772,773,774,775,776,777,778,779,780,781,782,783,784,785,786,787,788,789,790,791
147,14700,'Semaine-01',822,823,824,825,826,827,828,829,830,831,832,833,834,835,836,837,838,839,840,841,842,843,844,845,846,847,848,849,850,851
147,14701,'Semaine-01',883,884,885,886,887,888,889,890,891,892,893,894,895,896,897,898,899,900,901,902,903,904,905,906,907,908,909,910,911,912,913
150,15000,'Semaine-01',921,922,923,924,925,926,927
150,15001,'Semaine-01',934,935,936,937,938,939
151,15101,'Semaine-01',976,977,978,979,980,981,982,983,984,985,986,987,988,989,990,991,992,993,994,995,996,997,998,999,1000,1001,1002,1003,1004,1005,1006,1007,1008,1009,1010,1011
152,15201,'Semaine-01',1039,1040,1041,1042,1043,1044,1045,1046,1047,1048,1049,1050,1051,1052,1053,1054,1055,1056,1057,1058,1059,1060,1061,1062,1063,1064,1065
153,15301,'Semaine-01',1102,1103,1104,1105,1106,1107,1108,1109,1110,1111,1112,1113,1114,1115,1116,1117,1118,1119,1120,1121,1122,1123,1124,1125,1126,1127,1128,1129,1130,1131,1132,1133,1134,1135,1136,1137
154,15400,'Semaine-01',1172,1173,1174,1175,1176,1177,1178,1179,1180,1181,1182,1183,1184,1185,1186,1187,1188,1189,1190,1191,1192,1193,1194,1195,1196,1197,1198,1199,1200,1201,1202,1203,1204,1205
155,15501,'Semaine-01',1238,1239,1240,1241,1242,1243,1244,1245,1246,1247,1248,1249,1250,1251,1252,1253,1254,1255,1256,1257,1258,1259,1260,1261,1262,1263,1264,1265,1266,1267,1268,1269
156,15601,'Semaine-01',1298,1299,1300,1301,1302,1303,1304,1305,1306,1307,1308,1309,1310,1311,1312,1313,1314,1315,1316,1317,1318,1319,1320,1321,1322,1323,1324,1325
157,15700,'Semaine-01',1338,1339,1340,1341,1342,1343,1344,1345,1346,1347,1348,1349
158,15800,'Semaine-01',1355,1356,1357,1358,1359
158,15801,'Semaine-01',1365,1366,1367,1368,1369
350,35000,'Semaine-01',1377,1378,1379,1380,1381,1382,1383
350,35001,'Semaine-01',1392,1393,1394,1395,1396,1397,1398,1399
351,35100,'Semaine-01',1406,1407,1408,1409,1410,1411
351,35101,'Semaine-01',1419,1420,1421,1422,1423,1424,1425
352,35200,'Fête-1-02',2332,2333,2334,2335,2336,2337,2338,2339,2340
352,35200,'Week-end-01',1426,1427,1428,1429,1430,1431,1432,1433,1434
352,35200,'Semaine-01',1459,1460,1461,1462,1463,1464,1465,1466,1467,1468,1469,1470,1471,1472,1473
352,35201,'Fête-1-02',2341,2342,2343,2344,2345,2346,2347,2348
352,35201,'Week-end-01',1474,1475,1476,1477,1478,1479,1480,1481
352,35201,'Semaine-01',1502,1503,1504,1505,1506,1507,1508,1509,1510,1511,1512,1513
450,45000,'Semaine-01',1514,1515,1516,1517,1518
450,45001,'Semaine-01',1519,1520,1521,1522,1523
451,45100,'Semaine-01',1524,1525,1526,1527,1528,1529
451,45101,'Semaine-01',1530,1531,1532,1533,1534,1535
452,45200,'Semaine-01',1536,1537,1538,1539
452,45201,'Semaine-01',1540,1541,1542,1543
453,45300,'Semaine-01',1544,1545,1546,1547
453,45301,'Semaine-01',1548,1549,1550,1551
454,45400,'Semaine-01',1552,1553,1554,1555
454,45401,'Semaine-01',1556,1557,1558,1559
455,45500,'Semaine-01',1560,1561,1562,1563
455,45501,'Semaine-01',1564,1565,1566,1567
456,45600,'Semaine-01',1568,1569,1570,1571
456,45601,'Semaine-01',1572,1573,1574,1575
457,45700,'Semaine-01',1578,1579
457,45701,'Semaine-01',1582,1583
458,45800,'Semaine-01',1599,1602,1603,1608,1611,1612,1613,1615,1616,1617,1618,1619,1622,1623,1626,1627
458,45801,'Semaine-01',1643,1644,1645,1646,1647,1650,1651,1654,1656,1660,1661,1664,1665,1668,1669,1671
459,45900,'Semaine-01',1688,1689,1696,1697,1698,1699,1700,1702,1703,1706,1707,1710,1711,1714
459,45901,'Semaine-01',1730,1732,1733,1736,1737,1740,1741,1742,1743,1747,1748,1751,1752,1755,1756
550,55000,'Semaine-01',1766,1767,1768,1769,1770,1771
550,55001,'Semaine-01',1777,1778,1779,1780,1781
551,55100,'Semaine-01',1790,1791,1792,1793,1794,1795
551,55101,'Semaine-01',1801,1802,1803,1804,1805
552,55200,'Semaine-01',1806,1807,1808,1809,1810
552,55201,'Semaine-01',1811,1812,1813,1814,1815
553,55300,'Semaine-01',1816,1817,1818,1819,1820
553,55301,'Semaine-01',1821,1822,1823,1824,1825
554,55400,'Semaine-01',1839,1840,1841,1843,1845,1847,1849,1850,1851,1852,1853,1855,1857,1859,1861,1863,1864
554,55401,'Semaine-01',1880,1881,1882,1883,1885,1887,1889,1891,1892,1893,1894,1896,1898,1900,1902,1904,1906,1907
555,55500,'Semaine-01',1915,1919,1920,1921,1922,1923
555,55501,'Semaine-01',1930,1932,1933,1934,1935
556,55600,'Semaine-01',1949,1952,1953,1955,1956,1957,1958,1959
650,65000,'Fête-1-02',2349,2350,2351,2352,2353,2354,2355,2356,2357,2358,2359,2360,2361,2362,2363
650,65000,'Week-end-01',1960,1961,1962,1963,1964,1965,1966,1967,1968,1969,1970,1971,1972,1973,1974
650,65000,'Semaine-01',2021,2022,2023,2024,2025,2026,2027,2028,2029,2030,2031,2032,2033,2034,2035,2036,2037,2038,2039,2040,2041,2042,2043,2044,2045,2046,2047,2048,2049,2050,2051
650,65001,'Fête-1-02',2364,2365,2366,2367,2368,2369,2370,2371,2372,2373,2374,2375,2376,2377,2378
650,65001,'Week-end-01',2052,2053,2054,2055,2056,2057,2058,2059,2060,2061,2062,2063,2064,2065,2066
650,65001,'Semaine-01',2114,2115,2116,2117,2118,2119,2120,2121,2122,2123,2124,2125,2126,2127,2128,2129,2130,2131,2132,2133,2134,2135,2136,2137,2138,2139,2140,2141,2142,2143,2144,2145
651,65100,'Fête-1-02',2379,2380,2381,2382,2383,2384,2385,2386,2387,2388,2389,2390,2391,2392,2393
651,65100,'Week-end-01',2146,2147,2148,2149,2150,2151,2152,2153,2154,2155,2156,2157,2158,2159,2160
651,65100,'Semaine-01',2188,2189,2190,2191,2192,2193,2194,2195,2196,2197,2198,2199
651,65101,'Fête-1-02',2394,2395,2396,2397,2398,2399,2400,2401,2402,2403,2404,2405,2406,2407,2408
651,65101,'Week-end-01',2200,2201,2202,2203,2204,2205,2206,2207,2208,2209,2210,2211,2212,2213,2214
651,65101,'Semaine-01',2243,2244,2245,2246,2247,2248,2249,2250,2251,2252,2253,2254,2255
