65000,'Fête-1-02',603,,2349,200,4,,0,120,,2350,200,4,,0,120,,2351,200,4,,0,160,,2352,200,4,,0,120,,2353,200,4,,0,120,,2354,200,4,,0,160,,2355,200,4,,0,120,,2356,200,4,,0,120,,2357,200,4,,0,160,,2358,200,4,,0,120,,2359,200,4,,0,120,,2360,200,4,,0,160,,2361,200,4,,0,120,,2362,200,4,,0,120,,2363,200,4,,0
65000,'Week-end-01',603,,1960,200,4,,0,120,,1961,200,4,,0,120,,1962,200,4,,0,160,,1963,200,4,,0,120,,1964,200,4,,0,120,,1965,200,4,,0,160,,1966,200,4,,0,120,,1967,200,4,,0,120,,1968,200,4,,0,160,,1969,200,4,,0,120,,1970,200,4,,0,120,,1971,200,4,,0,160,,1972,200,4,,0,120,,1973,200,4,,0,120,,1974,200,4,,0
65000,'Semaine-01',526,,2021,200,4,,0,80,,2023,200,4,,0,100,,2024,200,4,,0,40,,2025,200,4,,0,80,,2026,200,4,,0,79,,2027,200,4,,0,38,,2022,200,4,,0,60,,2034,200,4,,0,40,,2028,200,4,,0,60,,2035,200,4,,0,40,,2029,200,4,,0,60,,2036,200,4,,0,40,,2030,200,4,,0,60,,2037,200,4,,0,40,,2031,200,4,,0,60,,2038,200,4,,0,40,,2032,200,4,,0,60,,2039,200,4,,0,22,,2040,200,4,,0,21,,2033,200,4,,0,80,,2041,200,4,,0,80,,2042,200,4,,0,40,,2043,200,4,,0,100,,2051,200,4,,0,98,,2044,200,4,,0,100,,2045,200,4,,0,100,,2046,200,4,,0,100,,2047,200,4,,0,110,,2049,200,4,,0,80,,2050,200,4,,0,80,,2048,200,4,,0
65001,'Fête-1-02',610,,2364,10,,,0,120,,2365,10,,,0,120,,2366,10,,,0,160,,2367,10,,,0,120,,2368,10,,,0,120,,2369,10,,,0,160,,2370,10,,,0,120,,2371,10,,,0,120,,2372,10,,,0,160,,2373,10,,,0,120,,2374,10,,,0,120,,2375,10,,,0,160,,2376,10,,,0,120,,2377,10,,,0,120,,2378,10,,,0
65001,'Week-end-01',610,,2052,10,,,0,120,,2053,10,,,0,120,,2054,10,,,0,160,,2055,10,,,0,120,,2056,10,,,0,120,,2057,10,,,0,160,,2058,10,,,0,120,,2059,10,,,0,120,,2060,10,,,0,160,,2061,10,,,0,120,,2062,10,,,0,120,,2063,10,,,0,160,,2064,10,,,0,120,,2065,10,,,0,120,,2066,10,,,0
65001,'Semaine-01',541,,2114,10,,,0,80,,2116,10,,,0,100,,2117,10,,,0,80,,2115,10,,,0,40,,2118,10,,,0,80,,2119,10,,,0,20,,2120,10,,,0,60,,2121,10,,,0,20,,2122,10,,,0,80,,2123,10,,,0,20,,2124,10,,,0,80,,2125,10,,,0,20,,2126,10,,,0,80,,2127,10,,,0,20,,2128,10,,,0,80,,2129,10,,,0,20,,2130,10,,,0,80,,2131,10,,,0,20,,2132,10,,,0,80,,2133,10,,,0,40,,2140,10,,,0,80,,2139,10,,,0,80,,2134,10,,,0,40,,2141,10,,,0,69,,2145,10,,,0,92,,2135,10,,,0,100,,2136,10,,,0,100,,2137,10,,,0,100,,2138,10,,,0,100,,2144,10,,,0,40,,2142,10,,,0,80,,2143,10,,,0
65100,'Fête-1-02',643,,2379,220,4,,0,160,,2380,220,4,,0,120,,2381,220,4,,0,120,,2382,220,4,,0,160,,2383,220,4,,0,120,,2384,220,4,,0,120,,2385,220,4,,0,160,,2386,220,4,,0,120,,2387,220,4,,0,120,,2388,220,4,,0,160,,2389,220,4,,0,120,,2390,220,4,,0,120,,2391,220,4,,0,160,,2392,220,4,,0,120,,2393,220,4,,0
65100,'Week-end-01',643,,2146,220,4,,0,160,,2147,220,4,,0,120,,2148,220,4,,0,120,,2149,220,4,,0,160,,2150,220,4,,0,120,,2151,220,4,,0,120,,2152,220,4,,0,160,,2153,220,4,,0,120,,2154,220,4,,0,120,,2155,220,4,,0,160,,2156,220,4,,0,120,,2157,220,4,,0,120,,2158,220,4,,0,160,,2159,220,4,,0,120,,2160,220,4,,0
65100,'Semaine-01',626,,2188,220,4,,0,298,,2189,220,4,,0,99,,2190,220,4,,0,100,,2191,220,4,,0,100,,2192,220,4,,0,100,,2193,220,4,,0,100,,2194,220,4,,0,403,,2195,220,4,,0,99,,2196,220,4,,0,99,,2197,220,4,,0,100,,2198,220,4,,0,100,,2199,220,4,,0
65101,'Fête-1-02',650,,2394,10,,,0,160,,2395,10,,,0,120,,2396,10,,,0,120,,2397,10,,,0,160,,2398,10,,,0,120,,2399,10,,,0,120,,2400,10,,,0,160,,2401,10,,,0,120,,2402,10,,,0,120,,2403,10,,,0,160,,2404,10,,,0,120,,2405,10,,,0,120,,2406,10,,,0,160,,2407,10,,,0,120,,2408,10,,,0
65101,'Week-end-01',650,,2200,10,,,0,160,,2201,10,,,0,120,,2202,10,,,0,120,,2203,10,,,0,160,,2204,10,,,0,120,,2205,10,,,0,120,,2206,10,,,0,160,,2207,10,,,0,120,,2208,10,,,0,120,,2209,10,,,0,160,,2210,10,,,0,120,,2211,10,,,0,120,,2212,10,,,0,160,,2213,10,,,0,120,,2214,10,,,0
65101,'Semaine-01',741,,2243,40,,,0,168,,2255,40,,,0,132,,2244,40,,,0,100,,2245,40,,,0,100,,2246,40,,,0,100,,2247,40,,,0,100,,2248,40,,,0,100,,2249,40,,,0,401,,2250,40,,,0,100,,2251,40,,,0,100,,2252,40,,,0,100,,2253,40,,,0,100,,2254,40,,,0
