14100,'Fête-1-02',602,,2290,10,,,0,204,,2292,100,,,0,40,,2293,100,,,0,80,,2294,100,,,0,80,,2295,100,,,0,40,,2296,100,,,0,80,,2297,100,,,0,80,,2298,100,,,0,40,,2299,100,,,0,78,,2289,100,,,0,76,,2300,100,,,0,37,,2301,100,,,0,78,,2302,100,,,0,38,,2303,100,,,0,79,,2304,100,,,0,81,,2305,100,,,0,39,,2306,100,,,0,80,,2307,100,,,0,78,,2308,100,,,0,40,,2309,100,,,0,80,,2310,100,,,0,80,,2311,100,,,0,40,,2312,100,,,0,80,,2313,100,,,0,80,,2314,100,,,0,40,,2315,100,,,0,80,,2316,100,,,0,80,,2317,100,,,0,40,,2318,100,,,0
14100,'Week-end-01',602,,229,10,,,0,204,,231,100,,,0,40,,232,100,,,0,80,,233,100,,,0,80,,234,100,,,0,40,,235,100,,,0,80,,236,100,,,0,80,,237,100,,,0,40,,238,100,,,0,78,,228,100,,,0,76,,239,100,,,0,37,,240,100,,,0,78,,241,100,,,0,38,,242,100,,,0,79,,243,100,,,0,81,,244,100,,,0,39,,245,100,,,0,80,,246,100,,,0,78,,247,100,,,0,40,,248,100,,,0,80,,249,100,,,0,80,,250,100,,,0,40,,251,100,,,0,80,,252,100,,,0,80,,253,100,,,0,40,,254,100,,,0,80,,255,100,,,0,80,,256,100,,,0,40,,257,100,,,0
14100,'Semaine-01',441,,383,100,,,0,84,,336,100,,,0,28,,337,100,,,0,59,,338,100,,,0,15,,339,100,,,0,15,,340,100,,,0,15,,341,100,,,0,55,,342,100,,,0,15,,343,100,,,0,15,,344,100,,,0,17,,345,100,,,0,52,,346,100,,,0,16,,347,100,,,0,15,,348,100,,,0,15,,349,100,,,0,87,,350,100,,,0,80,,351,100,,,0,80,,352,100,,,0,40,,353,100,,,0,80,,354,100,,,0,80,,355,100,,,0,40,,356,100,,,0,80,,357,100,,,0,80,,358,100,,,0,40,,359,100,,,0,67,,360,100,,,0,15,,361,100,,,0,16,,362,100,,,0,15,,363,100,,,0,55,,364,100,,,0,15,,365,100,,,0,14,,366,100,,,0,15,,367,100,,,0,55,,368,100,,,0,15,,369,100,,,0,15,,370,100,,,0,17,,371,100,,,0,53,,372,100,,,0,20,,375,100,,,0,72,,376,100,,,0,40,,377,100,,,0,80,,378,100,,,0,80,,379,100,,,0,40,,380,100,,,0,80,,381,100,,,0,80,,382,100,,,0,20,,373,100,,,0,120,,374,100,,,0
14401,'Fête-1-02',838,,2326,50,,,0,200,,2327,50,,,0,200,,2325,50,,,0,187,,2328,50,,,0,200,,2329,50,,,0,200,,2330,50,,,0,200,,2331,50,,,0
14401,'Week-end-01',838,,583,50,,,0,200,,584,50,,,0,200,,582,50,,,0,187,,585,50,,,0,200,,586,50,,,0,200,,587,50,,,0,200,,588,50,,,0
14401,'Semaine-01',556,,615,50,,,0,81,,626,50,,,0,83,,627,50,,,0,36,,628,50,,,0,84,,629,50,,,0,79,,618,50,,,0,120,,619,50,,,0,120,,620,50,,,0,162,,621,50,,,0,120,,622,50,,,0,160,,623,50,,,0,40,,630,50,,,0,80,,631,50,,,0,80,,632,50,,,0,40,,633,50,,,0,78,,624,50,,,0,120,,625,50,,,0,120,,616,50,,,0,160,,617,50,,,0
35200,'Fête-1-02',829,,2332,50,,,0,120,,2333,50,,,0,280,,2334,50,,,0,280,,2335,50,,,0,240,,2336,50,,,0,156,,2337,50,,,0,239,,2338,50,,,0,85,,2339,50,,,0,276,,2340,50,,,0
35200,'Week-end-01',829,,1426,50,,,0,120,,1427,50,,,0,280,,1428,50,,,0,280,,1429,50,,,0,240,,1430,50,,,0,156,,1431,50,,,0,239,,1432,50,,,0,85,,1433,50,,,0,276,,1434,50,,,0
35200,'Semaine-01',822,,1459,50,,,0,216,,1460,50,,,0,120,,1461,50,,,0,200,,1462,50,,,0,294,,1463,50,,,0,65,,1464,50,,,0,35,,1465,50,,,0,80,,1466,50,,,0,69,,1467,50,,,0,29,,1468,50,,,0,28,,1469,50,,,0,160,,1470,50,,,0,184,,1471,50,,,0,116,,1472,50,,,0,120,,1473,50,,,0
45000,'Semaine-01',604,,1518,20,,,0,30,,1516,20,,,0,70,,1515,20,,,0,30,,1514,20,,,0,70,,1517,20,,,0
