14100,'Fête-1-02',800,,2292,20,,,0,40,,2293,20,,,0,80,,2294,20,,,0,80,,2295,20,,,0,40,,2296,20,,,0,80,,2297,20,,,0,80,,2298,20,,,0,40,,2299,20,,,0,78,,2289,20,,,0,36,,2300,20,,,0,77,,2301,20,,,0,78,,2302,20,,,0,38,,2303,20,,,0,79,,2304,20,,,0,81,,2305,20,,,0,39,,2306,20,,,0,80,,2307,20,,,0,78,,2308,20,,,0,40,,2309,20,,,0,80,,2310,20,,,0,80,,2311,20,,,0,40,,2312,20,,,0,80,,2313,20,,,0,80,,2314,20,,,0,40,,2315,20,,,0,80,,2316,20,,,0,80,,2317,20,,,0,40,,2318,20,,,0
14100,'Week-end-01',800,,231,20,,,0,40,,232,20,,,0,80,,233,20,,,0,80,,234,20,,,0,40,,235,20,,,0,80,,236,20,,,0,80,,237,20,,,0,40,,238,20,,,0,78,,228,20,,,0,36,,239,20,,,0,77,,240,20,,,0,78,,241,20,,,0,38,,242,20,,,0,79,,243,20,,,0,81,,244,20,,,0,39,,245,20,,,0,80,,246,20,,,0,78,,247,20,,,0,40,,248,20,,,0,80,,249,20,,,0,80,,250,20,,,0,40,,251,20,,,0,80,,252,20,,,0,80,,253,20,,,0,40,,254,20,,,0,80,,255,20,,,0,80,,256,20,,,0,40,,257,20,,,0
14100,'Semaine-01',435,,383,20,,,0,84,,336,20,,,0,28,,337,20,,,0,57,,338,20,,,0,15,,339,20,,,0,15,,340,20,,,0,15,,341,20,,,0,55,,342,20,,,0,15,,343,20,,,0,15,,344,20,,,0,17,,345,20,,,0,52,,346,20,,,0,16,,347,20,,,0,15,,348,20,,,0,15,,349,20,,,0,88,,350,20,,,0,80,,351,20,,,0,40,,352,20,,,0,80,,353,20,,,0,80,,354,20,,,0,40,,355,20,,,0,80,,356,20,,,0,80,,357,20,,,0,40,,358,20,,,0,80,,359,20,,,0,67,,360,20,,,0,15,,361,20,,,0,15,,362,20,,,0,15,,363,20,,,0,55,,364,20,,,0,15,,365,20,,,0,15,,366,20,,,0,15,,367,20,,,0,55,,368,20,,,0,15,,369,20,,,0,15,,370,20,,,0,17,,371,20,,,0,53,,372,20,,,0,20,,375,20,,,0,33,,376,20,,,0,80,,377,20,,,0,80,,378,20,,,0,40,,379,20,,,0,80,,380,20,,,0,80,,381,20,,,0,40,,382,20,,,0,60,,373,20,,,0,120,,374,20,,,0
14401,'Fête-1-02',835,,2326,20,,,0,200,,2327,20,,,0,200,,2325,20,,,0,187,,2328,20,,,0,200,,2329,20,,,0,200,,2330,20,,,0,200,,2331,20,,,0
14401,'Week-end-01',835,,583,20,,,0,200,,584,20,,,0,200,,582,20,,,0,187,,585,20,,,0,200,,586,20,,,0,200,,587,20,,,0,200,,588,20,,,0
14401,'Semaine-01',553,,615,20,,,0,81,,626,20,,,0,83,,627,20,,,0,36,,628,20,,,0,84,,629,20,,,0,80,,618,20,,,0,120,,619,20,,,0,120,,620,20,,,0,161,,621,20,,,0,120,,622,20,,,0,120,,623,20,,,0,80,,630,20,,,0,80,,631,20,,,0,40,,632,20,,,0,80,,633,20,,,0,79,,624,20,,,0,120,,625,20,,,0,120,,616,20,,,0,160,,617,20,,,0
35200,'Fête-1-02',828,,2332,20,,,0,120,,2333,20,,,0,280,,2334,20,,,0,280,,2335,20,,,0,240,,2336,20,,,0,156,,2337,20,,,0,239,,2338,20,,,0,85,,2339,20,,,0,276,,2340,20,,,0
35200,'Week-end-01',828,,1426,20,,,0,120,,1427,20,,,0,280,,1428,20,,,0,280,,1429,20,,,0,240,,1430,20,,,0,156,,1431,20,,,0,239,,1432,20,,,0,85,,1433,20,,,0,276,,1434,20,,,0
35200,'Semaine-01',821,,1459,20,,,0,216,,1460,20,,,0,120,,1461,20,,,0,200,,1462,20,,,0,294,,1463,20,,,0,65,,1464,20,,,0,35,,1465,20,,,0,80,,1466,20,,,0,69,,1467,20,,,0,29,,1468,20,,,0,28,,1469,20,,,0,160,,1470,20,,,0,184,,1471,20,,,0,116,,1472,20,,,0,120,,1473,20,,,0
65001,'Fête-1-02',621,,2364,50,,,0,120,,2365,50,,,0,160,,2366,50,,,0,120,,2367,50,,,0,120,,2368,50,,,0,160,,2369,50,,,0,120,,2370,50,,,0,120,,2371,50,,,0,160,,2372,50,,,0,120,,2373,50,,,0,120,,2374,50,,,0,160,,2375,50,,,0,120,,2376,50,,,0,120,,2377,50,,,0,160,,2378,50,,,0
65001,'Week-end-01',621,,2052,50,,,0,120,,2053,50,,,0,160,,2054,50,,,0,120,,2055,50,,,0,120,,2056,50,,,0,160,,2057,50,,,0,120,,2058,50,,,0,120,,2059,50,,,0,160,,2060,50,,,0,120,,2061,50,,,0,120,,2062,50,,,0,160,,2063,50,,,0,120,,2064,50,,,0,120,,2065,50,,,0,160,,2066,50,,,0
65001,'Semaine-01',553,,2114,50,,,0,80,,2116,50,,,0,100,,2117,50,,,0,80,,2115,50,,,0,40,,2118,50,,,0,80,,2119,50,,,0,20,,2120,50,,,0,60,,2121,50,,,0,20,,2122,50,,,0,80,,2123,50,,,0,20,,2124,50,,,0,80,,2125,50,,,0,20,,2126,50,,,0,80,,2127,50,,,0,20,,2128,50,,,0,80,,2129,50,,,0,20,,2130,50,,,0,80,,2131,50,,,0,20,,2132,50,,,0,80,,2133,50,,,0,40,,2140,50,,,0,80,,2139,50,,,0,80,,2134,50,,,0,40,,2141,50,,,0,69,,2145,50,,,0,92,,2135,50,,,0,100,,2136,50,,,0,100,,2137,50,,,0,100,,2138,50,,,0,100,,2144,50,,,0,40,,2142,50,,,0,80,,2143,50,,,0
65101,'Fête-1-02',701,,2394,50,,,0,120,,2395,50,,,0,120,,2396,50,,,0,160,,2397,50,,,0,120,,2398,50,,,0,120,,2399,50,,,0,160,,2400,50,,,0,120,,2401,50,,,0,120,,2402,50,,,0,160,,2403,50,,,0,120,,2404,50,,,0,120,,2405,50,,,0,160,,2406,50,,,0,120,,2407,50,,,0,120,,2408,50,,,0
65101,'Week-end-01',701,,2200,50,,,0,120,,2201,50,,,0,120,,2202,50,,,0,160,,2203,50,,,0,120,,2204,50,,,0,120,,2205,50,,,0,160,,2206,50,,,0,120,,2207,50,,,0,120,,2208,50,,,0,160,,2209,50,,,0,120,,2210,50,,,0,120,,2211,50,,,0,160,,2212,50,,,0,120,,2213,50,,,0,120,,2214,50,,,0
65101,'Semaine-01',753,,2243,80,,,0,168,,2255,80,,,0,132,,2244,80,,,0,100,,2245,80,,,0,100,,2246,80,,,0,100,,2247,80,,,0,100,,2248,80,,,0,100,,2249,80,,,0,401,,2250,80,,,0,100,,2251,80,,,0,100,,2252,80,,,0,100,,2253,80,,,0,100,,2254,80,,,0
