65000,'Fête-1-02',530,,2349,10,,,0,120,,2350,10,,,0,160,,2351,10,,,0,120,,2352,10,,,0,120,,2353,10,,,0,160,,2354,10,,,0,120,,2355,10,,,0,120,,2356,10,,,0,160,,2357,10,,,0,120,,2358,10,,,0,120,,2359,10,,,0,160,,2360,10,,,0,120,,2361,10,,,0,120,,2362,10,,,0,160,,2363,10,,,0
65000,'Week-end-01',530,,1960,10,,,0,120,,1961,10,,,0,160,,1962,10,,,0,120,,1963,10,,,0,120,,1964,10,,,0,160,,1965,10,,,0,120,,1966,10,,,0,120,,1967,10,,,0,160,,1968,10,,,0,120,,1969,10,,,0,120,,1970,10,,,0,160,,1971,10,,,0,120,,1972,10,,,0,120,,1973,10,,,0,160,,1974,10,,,0
65000,'Semaine-01',450,,2021,10,,,0,80,,2023,10,,,0,100,,2024,10,,,0,80,,2025,10,,,0,40,,2026,10,,,0,80,,2027,10,,,0,80,,2022,10,,,0,20,,2034,10,,,0,80,,2028,10,,,0,20,,2035,10,,,0,80,,2029,10,,,0,20,,2036,10,,,0,80,,2030,10,,,0,20,,2037,10,,,0,80,,2031,10,,,0,20,,2038,10,,,0,80,,2032,10,,,0,20,,2039,10,,,0,20,,2040,10,,,0,60,,2033,10,,,0,40,,2041,10,,,0,80,,2042,10,,,0,80,,2043,10,,,0,100,,2051,10,,,0,100,,2044,10,,,0,100,,2045,10,,,0,100,,2046,10,,,0,100,,2047,10,,,0,110,,2049,10,,,0,80,,2050,10,,,0,40,,2048,10,,,0
65001,'Fête-1-02',642,,2364,220,4,,0,160,,2365,220,4,,0,120,,2366,220,4,,0,120,,2367,220,4,,0,160,,2368,220,4,,0,120,,2369,220,4,,0,120,,2370,220,4,,0,160,,2371,220,4,,0,120,,2372,220,4,,0,120,,2373,220,4,,0,160,,2374,220,4,,0,119,,2375,220,4,,0,120,,2376,220,4,,0,160,,2377,220,4,,0,120,,2378,220,4,,0
65001,'Week-end-01',642,,2052,220,4,,0,160,,2053,220,4,,0,120,,2054,220,4,,0,120,,2055,220,4,,0,160,,2056,220,4,,0,120,,2057,220,4,,0,120,,2058,220,4,,0,160,,2059,220,4,,0,120,,2060,220,4,,0,120,,2061,220,4,,0,160,,2062,220,4,,0,119,,2063,220,4,,0,120,,2064,220,4,,0,160,,2065,220,4,,0,120,,2066,220,4,,0
65001,'Semaine-01',616,,2114,220,4,,0,40,,2116,220,4,,0,100,,2117,220,4,,0,80,,2115,220,4,,0,78,,2118,220,4,,0,40,,2119,220,4,,0,60,,2120,220,4,,0,20,,2121,220,4,,0,20,,2122,220,4,,0,80,,2123,220,4,,0,20,,2124,220,4,,0,80,,2125,220,4,,0,20,,2126,220,4,,0,80,,2127,220,4,,0,20,,2128,220,4,,0,80,,2129,220,4,,0,20,,2130,220,4,,0,83,,2131,220,4,,0,20,,2132,220,4,,0,80,,2133,220,4,,0,80,,2140,220,4,,0,40,,2139,220,4,,0,80,,2134,220,4,,0,78,,2141,220,4,,0,28,,2145,220,4,,0,92,,2135,220,4,,0,100,,2136,220,4,,0,100,,2137,220,4,,0,100,,2138,220,4,,0,100,,2144,220,4,,0,80,,2142,220,4,,0,40,,2143,220,4,,0
65100,'Fête-1-02',610,,2379,10,0,6 7,0,120,,2380,10,0,6 7,0,120,,2381,10,0,6 7,0,160,,2382,10,0,6 7,0,120,,2383,10,0,6 7,0,120,,2384,10,0,6 7,0,160,,2385,10,0,6 7,0,120,,2386,10,0,6 7,0,120,,2387,10,0,6 7,0,160,,2388,10,0,6 7,0,120,,2389,10,0,6 7,0,120,,2390,10,0,6 7,0,160,,2391,10,0,6 7,0,120,,2392,10,0,6 7,0,120,,2393,10,0,6 7,0
65100,'Week-end-01',610,,2146,10,0,6 7,0,120,,2147,10,0,6 7,0,120,,2148,10,0,6 7,0,160,,2149,10,0,6 7,0,120,,2150,10,0,6 7,0,120,,2151,10,0,6 7,0,160,,2152,10,0,6 7,0,120,,2153,10,0,6 7,0,120,,2154,10,0,6 7,0,160,,2155,10,0,6 7,0,120,,2156,10,0,6 7,0,120,,2157,10,0,6 7,0,160,,2158,10,0,6 7,0,120,,2159,10,0,6 7,0,120,,2160,10,0,6 7,0
65100,'Semaine-01',550,,2188,10,,,0,300,,2189,10,,,0,100,,2190,10,,,0,100,,2191,10,,,0,100,,2192,10,,,0,100,,2193,10,,,0,100,,2194,10,,,0,400,,2195,10,,,0,100,,2196,10,,,0,100,,2197,10,,,0,100,,2198,10,,,0,100,,2199,10,,,0
65101,'Fête-1-02',722,,2394,240,4,,0,120,,2395,240,4,,0,160,,2396,240,4,,0,120,,2397,240,4,,0,120,,2398,240,4,,0,160,,2399,240,4,,0,120,,2400,240,4,,0,120,,2401,240,4,,0,160,,2402,240,4,,0,120,,2403,240,4,,0,120,,2404,240,4,,0,160,,2405,240,4,,0,120,,2406,240,4,,0,120,,2407,240,4,,0,160,,2408,240,4,,0
65101,'Week-end-01',722,,2200,240,4,,0,120,,2201,240,4,,0,160,,2202,240,4,,0,120,,2203,240,4,,0,120,,2204,240,4,,0,160,,2205,240,4,,0,120,,2206,240,4,,0,120,,2207,240,4,,0,160,,2208,240,4,,0,120,,2209,240,4,,0,120,,2210,240,4,,0,160,,2211,240,4,,0,120,,2212,240,4,,0,120,,2213,240,4,,0,160,,2214,240,4,,0
65101,'Semaine-01',816,,2243,270,4,,0,126,,2255,270,4,,0,172,,2244,270,4,,0,100,,2245,270,4,,0,100,,2246,270,4,,0,100,,2247,270,4,,0,102,,2248,270,4,,0,101,,2249,270,4,,0,398,,2250,270,4,,0,100,,2251,270,4,,0,100,,2252,270,4,,0,100,,2253,270,4,,0,100,,2254,270,4,,0
