14001,'Fête-1-02',707,,2270,460,,,0,40,,2271,460,,,0,80,,2272,460,,,0,80,,2273,460,,,0,40,,2274,460,,,0,80,,2275,460,,,0,80,,2276,460,,,0,40,,2277,460,,,0,80,,2278,460,,,0,80,,2279,460,,,0,37,,2280,460,,,0,77,,2281,460,,,0,37,,2282,460,,,0,77,,2283,460,,,0,79,,2284,460,,,0,39,,2285,460,,,0,81,,2286,460,,,0,79,,2287,460,,,0,40,,2288,460,,,0
14001,'Week-end-01',707,,97,460,,,0,40,,98,460,,,0,80,,99,460,,,0,80,,100,460,,,0,40,,101,460,,,0,80,,102,460,,,0,80,,103,460,,,0,40,,104,460,,,0,80,,105,460,,,0,80,,106,460,,,0,37,,107,460,,,0,77,,108,460,,,0,37,,109,460,,,0,77,,110,460,,,0,79,,111,460,,,0,39,,112,460,,,0,81,,113,460,,,0,79,,114,460,,,0,40,,115,460,,,0
14001,'Semaine-01',512,,227,460,,,0,88,,181,460,,,0,34,,182,460,,,0,14,,183,460,,,0,54,,184,460,,,0,15,,185,460,,,0,16,,186,460,,,0,15,,187,460,,,0,55,,188,460,,,0,14,,189,460,,,0,16,,190,460,,,0,15,,191,460,,,0,55,,192,460,,,0,13,,193,460,,,0,31,,194,460,,,0,80,,195,460,,,0,80,,196,460,,,0,39,,197,460,,,0,81,,198,460,,,0,80,,199,460,,,0,40,,200,460,,,0,80,,201,460,,,0,80,,202,460,,,0,44,,203,460,,,0,82,,204,460,,,0,14,,205,460,,,0,55,,206,460,,,0,15,,207,460,,,0,15,,208,460,,,0,15,,209,460,,,0,55,,210,460,,,0,15,,211,460,,,0,15,,212,460,,,0,15,,213,460,,,0,54,,214,460,,,0,14,,215,460,,,0,14,,216,460,,,0,13,,217,460,,,0,64,,218,460,,,0,40,,219,460,,,0,80,,220,460,,,0,80,,221,460,,,0,40,,222,460,,,0,80,,223,460,,,0,80,,224,460,,,0,120,,225,460,,,0
14400,'Fête-1-02',827,,2319,150,,,0,200,,2320,150,,,0,200,,2321,150,,,0,221,,2322,150,,,0,200,,2323,150,,,0,200,,2324,150,,,0
14400,'Week-end-01',827,,532,150,,,0,200,,533,150,,,0,200,,534,150,,,0,221,,535,150,,,0,200,,536,150,,,0,200,,537,150,,,0
14400,'Semaine-01',548,,566,150,,,0,72,,578,150,,,0,81,,579,150,,,0,43,,580,150,,,0,76,,581,150,,,0,83,,576,150,,,0,39,,571,150,,,0,160,,572,150,,,0,120,,573,150,,,0,122,,574,150,,,0,161,,575,150,,,0,120,,563,150,,,0,80,,567,150,,,0,40,,564,150,,,0,80,,565,150,,,0,79,,577,150,,,0,38,,570,150,,,0,160,,569,150,,,0,120,,568,150,,,0
35201,'Fête-1-02',708,,2341,170,,,0,117,,2342,170,,,0,120,,2343,170,,,0,280,,2346,170,,,0,280,,2347,170,,,0,240,,2348,170,,,0,480,,2345,170,,,0,203,,2344,170,,,0
35201,'Week-end-01',708,,1474,170,,,0,117,,1475,170,,,0,120,,1476,170,,,0,280,,1479,170,,,0,280,,1480,170,,,0,240,,1481,170,,,0,480,,1478,170,,,0,203,,1477,170,,,0
35201,'Semaine-01',633,,1502,170,,,0,20,,1503,170,,,0,60,,1504,170,,,0,90,,1505,170,,,0,124,,1506,170,,,0,120,,1507,170,,,0,160,,1508,170,,,0,200,,1509,170,,,0,226,,1510,170,,,0,395,,1511,170,,,0,200,,1512,170,,,0,110,,1513,170,,,0
65000,'Fête-1-02',551,,2349,160,,,0,160,,2350,160,,,0,120,,2351,160,,,0,120,,2352,160,,,0,160,,2353,160,,,0,120,,2354,160,,,0,120,,2355,160,,,0,160,,2356,160,,,0,120,,2357,160,,,0,120,,2358,160,,,0,160,,2359,160,,,0,120,,2360,160,,,0,120,,2361,160,,,0,160,,2362,160,,,0,120,,2363,160,,,0
65000,'Week-end-01',551,,1960,160,,,0,160,,1961,160,,,0,120,,1962,160,,,0,120,,1963,160,,,0,160,,1964,160,,,0,120,,1965,160,,,0,120,,1966,160,,,0,160,,1967,160,,,0,120,,1968,160,,,0,120,,1969,160,,,0,160,,1970,160,,,0,120,,1971,160,,,0,120,,1972,160,,,0,160,,1973,160,,,0,120,,1974,160,,,0
65000,'Semaine-01',513,,2021,160,,,0,40,,2023,160,,,0,100,,2024,160,,,0,80,,2025,160,,,0,80,,2026,160,,,0,40,,2027,160,,,0,78,,2022,160,,,0,20,,2034,160,,,0,80,,2028,160,,,0,20,,2035,160,,,0,80,,2029,160,,,0,20,,2036,160,,,0,80,,2030,160,,,0,20,,2037,160,,,0,80,,2031,160,,,0,20,,2038,160,,,0,80,,2032,160,,,0,20,,2039,160,,,0,61,,2040,160,,,0,21,,2033,160,,,0,80,,2041,160,,,0,40,,2042,160,,,0,80,,2043,160,,,0,100,,2051,160,,,0,98,,2044,160,,,0,100,,2045,160,,,0,100,,2046,160,,,0,100,,2047,160,,,0,110,,2049,160,,,0,80,,2050,160,,,0,80,,2048,160,,,0
65100,'Fête-1-02',631,,2379,180,0,6 7,0,120,,2380,180,0,6 7,0,160,,2381,180,0,6 7,0,120,,2382,180,0,6 7,0,120,,2383,180,0,6 7,0,160,,2384,180,0,6 7,0,120,,2385,180,0,6 7,0,120,,2386,180,0,6 7,0,160,,2387,180,0,6 7,0,120,,2388,180,0,6 7,0,120,,2389,180,0,6 7,0,160,,2390,180,0,6 7,0,120,,2391,180,0,6 7,0,120,,2392,180,0,6 7,0,160,,2393,180,0,6 7,0
65100,'Week-end-01',631,,2146,180,0,6 7,0,120,,2147,180,0,6 7,0,160,,2148,180,0,6 7,0,120,,2149,180,0,6 7,0,120,,2150,180,0,6 7,0,160,,2151,180,0,6 7,0,120,,2152,180,0,6 7,0,120,,2153,180,0,6 7,0,160,,2154,180,0,6 7,0,120,,2155,180,0,6 7,0,120,,2156,180,0,6 7,0,160,,2157,180,0,6 7,0,120,,2158,180,0,6 7,0,120,,2159,180,0,6 7,0,160,,2160,180,0,6 7,0
65100,'Semaine-01',613,,2188,180,,,0,299,,2189,180,,,0,99,,2190,180,,,0,100,,2191,180,,,0,100,,2192,180,,,0,100,,2193,180,,,0,100,,2194,180,,,0,402,,2195,180,,,0,99,,2196,180,,,0,99,,2197,180,,,0,100,,2198,180,,,0,100,,2199,180,,,0
