'LRRS-H26-RRSGTFS-Fête-2-01',55000,72000,4,'',0,1800,4,'',0,9800,4,'',0,10200,4,'',0,66300,4,'',0,10000,4,'',0,10000,4,'',0
'LRRS-H26-RRSGTFS-Fête-2-01',55001,74800,,'',0,5700,,'',0,82100,,'',0,10000,,'',0,10000,,'',0
'LRRS-H26-RRSGTFS-Semaine-01',55000,72000,4,'',0,1800,4,'',0,9800,4,'',0,10200,4,'',0,66300,4,'',0,10000,4,'',0,10000,4,'',0
'LRRS-H26-RRSGTFS-Semaine-01',55001,74800,,'',0,5700,,'',0,82100,,'',0,10000,,'',0,10000,,'',0
'LRRS-H26-RRSGTFS-Fête-2-01',55100,72800,4,'',0,700,4,'',0,10500,4,'',0,9800,4,'',0,61800,4,'',0,10000,4,'',0,10000,4,'',0
'LRRS-H26-RRSGTFS-Fête-2-01',55101,75300,,'',0,4900,,'',0,81900,,'',0,10000,,'',0,10000,,'',0
'LRRS-H26-RRSGTFS-Semaine-01',55100,72800,4,'',0,700,4,'',0,10500,4,'',0,9800,4,'',0,61800,4,'',0,10000,4,'',0,10000,4,'',0
'LRRS-H26-RRSGTFS-Semaine-01',55101,75300,,'',0,4900,,'',0,81900,,'',0,10000,,'',0,10000,,'',0
'LRRS-H26-RRSGTFS-Fête-2-01',55500,64800,4,'',0,7500,4,'',0,2000,4,'',0,8500,4,'',0,67600,4,'',0,10200,4,'',0,10000,4,'',0
'LRRS-H26-RRSGTFS-Fête-2-01',55501,75000,,'',0,5800,,'',0,72300,,'',0,10000,,'',0,10000,,'',0,10000,,'',0
'LRRS-H26-RRSGTFS-Semaine-01',55500,64800,4,'',0,7500,4,'',0,2000,4,'',0,8500,4,'',0,11000,4,'',0,20000,4,'',0,36600,4,'',0,10200,4,'',0,10000,4,'',0
'LRRS-H26-RRSGTFS-Semaine-01',55501,75000,,'',0,5800,,'',0,72300,,'',0,10000,,'',0,10000,,'',0,10000,,'',0
'LRRS-H26-RRSGTFS-Fête-2-01',65100,63900,4,'',0,29800,4,'',0,9900,4,'',0,10000,4,'',0,10000,4,'',0,10000,4,'',0,10000,4,'',0,40300,4,'',0,9900,4,'',0,9900,4,'',0,10000,4,'',0,10000,4,'',0
'LRRS-H26-RRSGTFS-Fête-2-01',65101,72500,,'',0,12800,,'',0,17200,,'',0,10000,,'',0,10000,,'',0,10000,,'',0,10000,,'',0,10000,,'',0,40100,,'',0,10000,,'',0,10000,,'',0,10000,,'',0,10000,,'',0
'LRRS-H26-RRSGTFS-Semaine-01',65100,63900,4,'',0,29800,4,'',0,9900,4,'',0,10000,4,'',0,10000,4,'',0,10000,4,'',0,10000,4,'',0,40300,4,'',0,9900,4,'',0,9900,4,'',0,10000,4,'',0,10000,4,'',0
'LRRS-H26-RRSGTFS-Semaine-01',65101,72500,,'',0,12800,,'',0,17200,,'',0,10000,,'',0,10000,,'',0,10000,,'',0,10000,,'',0,10000,,'',0,40100,,'',0,10000,,'',0,10000,,'',0,10000,,'',0,10000,,'',0
