14400,'Week-end-01',830,,532,160,4,,0,200,,533,160,4,,0,200,,534,160,4,,0,221,,535,160,4,,0,200,,536,160,4,,0,200,,537,160,4,,0
14400,'Fête-1-01',830,,538,160,4,,0,200,,539,160,4,,0,200,,540,160,4,,0,221,,541,160,4,,0,200,,542,160,4,,0,200,,543,160,4,,0
14400,'Fête-2-01',550,,547,160,4,,0,72,,559,160,4,,0,81,,560,160,4,,0,43,,561,160,4,,0,76,,562,160,4,,0,83,,557,160,4,,0,723,,544,160,4,,0,80,,548,160,4,,0,40,,545,160,4,,0,80,,546,160,4,,0,78,,558,160,4,,0
14400,'Semaine-01',550,,566,160,4,,0,72,,578,160,4,,0,81,,579,160,4,,0,43,,580,160,4,,0,76,,581,160,4,,0,83,,576,160,4,,0,723,,563,160,4,,0,80,,567,160,4,,0,40,,564,160,4,,0,80,,565,160,4,,0,78,,577,160,4,,0
14401,'Week-end-01',833,,583,10,,,0,200,,584,10,,,0,200,,582,10,,,0,187,,585,10,,,0,200,,586,10,,,0,200,,587,10,,,0,200,,588,10,,,0
14401,'Fête-1-01',833,,590,10,,,0,200,,591,10,,,0,200,,589,10,,,0,187,,592,10,,,0,200,,593,10,,,0,200,,594,10,,,0,200,,595,10,,,0
14401,'Fête-2-01',552,,596,10,,,0,81,,607,10,,,0,83,,608,10,,,0,36,,609,10,,,0,84,,610,10,,,0,720,,604,10,,,0,80,,611,10,,,0,80,,612,10,,,0,40,,613,10,,,0,80,,614,10,,,0
14401,'Semaine-01',552,,615,10,,,0,81,,626,10,,,0,83,,627,10,,,0,36,,628,10,,,0,84,,629,10,,,0,720,,623,10,,,0,80,,630,10,,,0,80,,631,10,,,0,40,,632,10,,,0,80,,633,10,,,0
55000,'Fête-2-01',704,,1759,10,,,0,18,,1760,10,,,0,98,,1764,10,,,0,102,,1758,10,,,0,623,,1761,10,,,0,100,,1762,10,,,0,100,,1763,10,,,0
55000,'Semaine-01',704,,1766,10,,,0,18,,1767,10,,,0,98,,1771,10,,,0,102,,1765,10,,,0,623,,1768,10,,,0,100,,1769,10,,,0,100,,1770,10,,,0
55001,'Fête-2-01',809,,1772,40,4,,0,17,,1773,40,4,,0,821,,1774,40,4,,0,100,,1775,40,4,,0,100,,1776,40,4,,0
55001,'Semaine-01',809,,1777,40,4,,0,17,,1778,40,4,,0,821,,1779,40,4,,0,100,,1780,40,4,,0,100,,1781,40,4,,0
