14301,'Fête-2-01',928,,506,230,,,0,100,,495,230,,,0,100,,496,230,,,0,100,,497,230,,,0,100,,498,230,,,0,100,,499,230,,,0,100,,500,230,,,0,77,,507,230,,,0,22,,484,230,,,0,17,,485,230,,,0,60,,486,230,,,0,20,,487,230,,,0,20,,488,230,,,0,60,,489,230,,,0,20,,490,230,,,0,20,,491,230,,,0,61,,492,230,,,0,23,,504,230,,,0,100,,505,230,,,0,100,,501,230,,,0,100,,493,230,,,0,100,,502,230,,,0,116,,494,230,,,0,160,,503,230,,,0
14301,'Semaine-01',928,,530,230,,,0,100,,519,230,,,0,100,,520,230,,,0,100,,521,230,,,0,100,,522,230,,,0,100,,523,230,,,0,100,,524,230,,,0,77,,531,230,,,0,22,,508,230,,,0,17,,509,230,,,0,60,,510,230,,,0,20,,511,230,,,0,20,,512,230,,,0,60,,513,230,,,0,20,,514,230,,,0,20,,515,230,,,0,61,,516,230,,,0,23,,528,230,,,0,100,,529,230,,,0,100,,525,230,,,0,100,,517,230,,,0,100,,526,230,,,0,116,,518,230,,,0,160,,527,230,,,0
65001,'Week-end-01',630,,2052,170,,,0,120,,2053,170,,,0,160,,2054,170,,,0,120,,2055,170,,,0,120,,2056,170,,,0,160,,2057,170,,,0,120,,2058,170,,,0,120,,2059,170,,,0,160,,2060,170,,,0,120,,2061,170,,,0,120,,2062,170,,,0,160,,2063,170,,,0,120,,2064,170,,,0,120,,2065,170,,,0,160,,2066,170,,,0
65001,'Fête-1-01',630,,2067,170,,,0,120,,2068,170,,,0,160,,2069,170,,,0,120,,2070,170,,,0,120,,2071,170,,,0,160,,2072,170,,,0,120,,2073,170,,,0,120,,2074,170,,,0,160,,2075,170,,,0,120,,2076,170,,,0,120,,2077,170,,,0,160,,2078,170,,,0,120,,2079,170,,,0,120,,2080,170,,,0,160,,2081,170,,,0
65001,'Fête-2-01',603,,2082,170,,,0,40,,2084,170,,,0,100,,2085,170,,,0,80,,2083,170,,,0,79,,2086,170,,,0,40,,2087,170,,,0,60,,2088,170,,,0,20,,2089,170,,,0,20,,2090,170,,,0,80,,2091,170,,,0,20,,2092,170,,,0,80,,2093,170,,,0,20,,2094,170,,,0,80,,2095,170,,,0,20,,2096,170,,,0,80,,2097,170,,,0,20,,2098,170,,,0,82,,2099,170,,,0,20,,2100,170,,,0,80,,2101,170,,,0,80,,2108,170,,,0,40,,2107,170,,,0,80,,2102,170,,,0,79,,2109,170,,,0,28,,2113,170,,,0,92,,2103,170,,,0,100,,2104,170,,,0,100,,2105,170,,,0,100,,2106,170,,,0,100,,2112,170,,,0,80,,2110,170,,,0,40,,2111,170,,,0
65001,'Semaine-01',603,,2114,170,,,0,40,,2116,170,,,0,100,,2117,170,,,0,80,,2115,170,,,0,79,,2118,170,,,0,40,,2119,170,,,0,60,,2120,170,,,0,20,,2121,170,,,0,20,,2122,170,,,0,80,,2123,170,,,0,20,,2124,170,,,0,80,,2125,170,,,0,20,,2126,170,,,0,80,,2127,170,,,0,20,,2128,170,,,0,80,,2129,170,,,0,20,,2130,170,,,0,82,,2131,170,,,0,20,,2132,170,,,0,80,,2133,170,,,0,80,,2140,170,,,0,40,,2139,170,,,0,80,,2134,170,,,0,79,,2141,170,,,0,28,,2145,170,,,0,92,,2135,170,,,0,100,,2136,170,,,0,100,,2137,170,,,0,100,,2138,170,,,0,100,,2144,170,,,0,80,,2142,170,,,0,40,,2143,170,,,0
65101,'Week-end-01',710,,2200,170,,,0,120,,2201,170,,,0,120,,2202,170,,,0,160,,2203,170,,,0,120,,2204,170,,,0,120,,2205,170,,,0,160,,2206,170,,,0,120,,2207,170,,,0,120,,2208,170,,,0,160,,2209,170,,,0,120,,2210,170,,,0,120,,2211,170,,,0,160,,2212,170,,,0,120,,2213,170,,,0,120,,2214,170,,,0
65101,'Fête-1-01',710,,2215,170,,,0,120,,2216,170,,,0,120,,2217,170,,,0,160,,2218,170,,,0,120,,2219,170,,,0,120,,2220,170,,,0,160,,2221,170,,,0,120,,2222,170,,,0,120,,2223,170,,,0,160,,2224,170,,,0,120,,2225,170,,,0,120,,2226,170,,,0,160,,2227,170,,,0,120,,2228,170,,,0,120,,2229,170,,,0
65101,'Fête-2-01',803,,2230,200,,,0,127,,2242,200,,,0,172,,2231,200,,,0,100,,2232,200,,,0,100,,2233,200,,,0,100,,2234,200,,,0,101,,2235,200,,,0,101,,2236,200,,,0,399,,2237,200,,,0,100,,2238,200,,,0,100,,2239,200,,,0,100,,2240,200,,,0,100,,2241,200,,,0
65101,'Semaine-01',803,,2243,200,,,0,127,,2255,200,,,0,172,,2244,200,,,0,100,,2245,200,,,0,100,,2246,200,,,0,100,,2247,200,,,0,101,,2248,200,,,0,101,,2249,200,,,0,399,,2250,200,,,0,100,,2251,200,,,0,100,,2252,200,,,0,100,,2253,200,,,0,100,,2254,200,,,0
