55000,'Fête-2-01',732,,1759,40,4,,0,18,,1760,40,4,,0,98,,1764,40,4,,0,102,,1758,40,4,,0,663,,1761,40,4,,0,100,,1762,40,4,,0,100,,1763,40,4,,0
55000,'Semaine-01',732,,1766,40,4,,0,18,,1767,40,4,,0,98,,1771,40,4,,0,102,,1765,40,4,,0,663,,1768,40,4,,0,100,,1769,40,4,,0,100,,1770,40,4,,0
55001,'Fête-2-01',737,,1772,10,,,0,17,,1773,10,,,0,861,,1774,10,,,0,100,,1775,10,,,0,100,,1776,10,,,0
55001,'Semaine-01',737,,1777,10,,,0,17,,1778,10,,,0,861,,1779,10,,,0,100,,1780,10,,,0,100,,1781,10,,,0
55100,'Fête-2-01',740,,1783,40,4,,0,7,,1784,40,4,,0,105,,1785,40,4,,0,98,,1782,40,4,,0,658,,1786,40,4,,0,100,,1787,40,4,,0,100,,1788,40,4,,0
55100,'Semaine-01',740,,1790,40,4,,0,7,,1791,40,4,,0,105,,1792,40,4,,0,98,,1789,40,4,,0,658,,1793,40,4,,0,100,,1794,40,4,,0,100,,1795,40,4,,0
55101,'Fête-2-01',742,,1796,10,,,0,9,,1797,10,,,0,859,,1798,10,,,0,100,,1799,10,,,0,100,,1800,10,,,0
55101,'Semaine-01',742,,1801,10,,,0,9,,1802,10,,,0,859,,1803,10,,,0,100,,1804,10,,,0,100,,1805,10,,,0
55500,'Fête-2-01',700,,1908,40,4,,0,35,,1912,40,4,,0,20,,1913,40,4,,0,85,,1914,40,4,,0,676,,1909,40,4,,0,102,,1910,40,4,,0,100,,1911,40,4,,0
55500,'Semaine-01',700,,1915,40,4,,0,35,,1921,40,4,,0,20,,1922,40,4,,0,85,,1923,40,4,,0,110,,1916,40,4,,0,200,,1917,40,4,,0,366,,1918,40,4,,0,102,,1919,40,4,,0,100,,1920,40,4,,0
55501,'Fête-2-01',739,,1927,10,,,0,18,,1928,10,,,0,763,,1925,10,,,0,100,,1929,10,,,0,100,,1926,10,,,0,100,,1924,10,,,0
55501,'Semaine-01',739,,1933,10,,,0,18,,1934,10,,,0,763,,1931,10,,,0,100,,1935,10,,,0,100,,1932,10,,,0,100,,1930,10,,,0
65100,'Fête-2-01',650,,2176,310,4,,0,298,,2177,310,4,,0,99,,2178,310,4,,0,100,,2179,310,4,,0,100,,2180,310,4,,0,100,,2181,310,4,,0,100,,2182,310,4,,0,403,,2183,310,4,,0,99,,2184,310,4,,0,99,,2185,310,4,,0,100,,2186,310,4,,0,100,,2187,310,4,,0
65100,'Semaine-01',650,,2188,310,4,,0,298,,2189,310,4,,0,99,,2190,310,4,,0,100,,2191,310,4,,0,100,,2192,310,4,,0,100,,2193,310,4,,0,100,,2194,310,4,,0,403,,2195,310,4,,0,99,,2196,310,4,,0,99,,2197,310,4,,0,100,,2198,310,4,,0,100,,2199,310,4,,0
65101,'Fête-2-01',714,,2230,10,,,0,128,,2242,10,,,0,172,,2231,10,,,0,100,,2232,10,,,0,100,,2233,10,,,0,100,,2234,10,,,0,100,,2235,10,,,0,100,,2236,10,,,0,401,,2237,10,,,0,100,,2238,10,,,0,100,,2239,10,,,0,100,,2240,10,,,0,100,,2241,10,,,0
65101,'Semaine-01',714,,2243,10,,,0,128,,2255,10,,,0,172,,2244,10,,,0,100,,2245,10,,,0,100,,2246,10,,,0,100,,2247,10,,,0,100,,2248,10,,,0,100,,2249,10,,,0,401,,2250,10,,,0,100,,2251,10,,,0,100,,2252,10,,,0,100,,2253,10,,,0,100,,2254,10,,,0
