14201,'Fête-2-01',503,,392,20,,,0,20,,388,20,,,0,20,,394,20,,,0,60,,391,20,,,0,20,,396,20,,,0,20,,390,20,,,0,60,,395,20,,,0,20,,389,20,,,0,22,,385,20,,,0,59,,387,20,,,0,19,,386,20,,,0,20,,393,20,,,0,93,,398,20,,,0,100,,409,20,,,0,100,,410,20,,,0,100,,411,20,,,0,100,,412,20,,,0,100,,413,20,,,0,100,,414,20,,,0,18,,399,20,,,0,60,,400,20,,,0,20,,401,20,,,0,20,,402,20,,,0,60,,403,20,,,0,20,,404,20,,,0,20,,405,20,,,0,60,,406,20,,,0,20,,407,20,,,0,18,,408,20,,,0,63,,384,20,,,0,21,,416,20,,,0,100,,417,20,,,0,100,,418,20,,,0,100,,419,20,,,0,97,,420,20,,,0,175,,415,20,,,0
14201,'Semaine-01',503,,429,20,,,0,20,,425,20,,,0,20,,431,20,,,0,60,,428,20,,,0,20,,433,20,,,0,20,,427,20,,,0,60,,432,20,,,0,20,,426,20,,,0,22,,422,20,,,0,59,,424,20,,,0,19,,423,20,,,0,20,,430,20,,,0,93,,435,20,,,0,100,,446,20,,,0,100,,447,20,,,0,100,,448,20,,,0,100,,449,20,,,0,100,,450,20,,,0,100,,451,20,,,0,18,,436,20,,,0,60,,437,20,,,0,20,,438,20,,,0,20,,439,20,,,0,60,,440,20,,,0,20,,441,20,,,0,20,,442,20,,,0,60,,443,20,,,0,20,,444,20,,,0,18,,445,20,,,0,63,,421,20,,,0,21,,453,20,,,0,100,,454,20,,,0,100,,455,20,,,0,100,,456,20,,,0,97,,457,20,,,0,175,,452,20,,,0
65001,'Week-end-01',632,,2052,190,,,0,120,,2053,190,,,0,160,,2054,190,,,0,120,,2055,190,,,0,120,,2056,190,,,0,160,,2057,190,,,0,120,,2058,190,,,0,120,,2059,190,,,0,160,,2060,190,,,0,120,,2061,190,,,0,120,,2062,190,,,0,160,,2063,190,,,0,120,,2064,190,,,0,120,,2065,190,,,0,160,,2066,190,,,0
65001,'Fête-1-01',632,,2067,190,,,0,120,,2068,190,,,0,160,,2069,190,,,0,120,,2070,190,,,0,120,,2071,190,,,0,160,,2072,190,,,0,120,,2073,190,,,0,120,,2074,190,,,0,160,,2075,190,,,0,120,,2076,190,,,0,120,,2077,190,,,0,160,,2078,190,,,0,120,,2079,190,,,0,120,,2080,190,,,0,160,,2081,190,,,0
65001,'Fête-2-01',605,,2082,190,,,0,40,,2084,190,,,0,100,,2085,190,,,0,80,,2083,190,,,0,79,,2086,190,,,0,40,,2087,190,,,0,60,,2088,190,,,0,20,,2089,190,,,0,20,,2090,190,,,0,80,,2091,190,,,0,20,,2092,190,,,0,80,,2093,190,,,0,20,,2094,190,,,0,80,,2095,190,,,0,20,,2096,190,,,0,80,,2097,190,,,0,20,,2098,190,,,0,82,,2099,190,,,0,20,,2100,190,,,0,80,,2101,190,,,0,80,,2108,190,,,0,40,,2107,190,,,0,80,,2102,190,,,0,79,,2109,190,,,0,28,,2113,190,,,0,92,,2103,190,,,0,100,,2104,190,,,0,100,,2105,190,,,0,100,,2106,190,,,0,100,,2112,190,,,0,80,,2110,190,,,0,40,,2111,190,,,0
65001,'Semaine-01',605,,2114,190,,,0,40,,2116,190,,,0,100,,2117,190,,,0,80,,2115,190,,,0,79,,2118,190,,,0,40,,2119,190,,,0,60,,2120,190,,,0,20,,2121,190,,,0,20,,2122,190,,,0,80,,2123,190,,,0,20,,2124,190,,,0,80,,2125,190,,,0,20,,2126,190,,,0,80,,2127,190,,,0,20,,2128,190,,,0,80,,2129,190,,,0,20,,2130,190,,,0,82,,2131,190,,,0,20,,2132,190,,,0,80,,2133,190,,,0,80,,2140,190,,,0,40,,2139,190,,,0,80,,2134,190,,,0,79,,2141,190,,,0,28,,2145,190,,,0,92,,2135,190,,,0,100,,2136,190,,,0,100,,2137,190,,,0,100,,2138,190,,,0,100,,2144,190,,,0,80,,2142,190,,,0,40,,2143,190,,,0
65101,'Week-end-01',712,,2200,190,,,0,120,,2201,190,,,0,120,,2202,190,,,0,160,,2203,190,,,0,120,,2204,190,,,0,120,,2205,190,,,0,160,,2206,190,,,0,120,,2207,190,,,0,120,,2208,190,,,0,160,,2209,190,,,0,120,,2210,190,,,0,120,,2211,190,,,0,160,,2212,190,,,0,120,,2213,190,,,0,120,,2214,190,,,0
65101,'Fête-1-01',712,,2215,190,,,0,120,,2216,190,,,0,120,,2217,190,,,0,160,,2218,190,,,0,120,,2219,190,,,0,120,,2220,190,,,0,160,,2221,190,,,0,120,,2222,190,,,0,120,,2223,190,,,0,160,,2224,190,,,0,120,,2225,190,,,0,120,,2226,190,,,0,160,,2227,190,,,0,120,,2228,190,,,0,120,,2229,190,,,0
65101,'Fête-2-01',805,,2230,220,,,0,127,,2242,220,,,0,172,,2231,220,,,0,100,,2232,220,,,0,100,,2233,220,,,0,100,,2234,220,,,0,101,,2235,220,,,0,101,,2236,220,,,0,399,,2237,220,,,0,100,,2238,220,,,0,100,,2239,220,,,0,100,,2240,220,,,0,100,,2241,220,,,0
65101,'Semaine-01',805,,2243,220,,,0,127,,2255,220,,,0,172,,2244,220,,,0,100,,2245,220,,,0,100,,2246,220,,,0,100,,2247,220,,,0,101,,2248,220,,,0,101,,2249,220,,,0,399,,2250,220,,,0,100,,2251,220,,,0,100,,2252,220,,,0,100,,2253,220,,,0,100,,2254,220,,,0
