13400,'Week-end-01',735,,1,270,,,0,200,,7,270,,,0,200,,2,270,,,0,200,,4,270,,,0,221,,3,270,,,0,200,,6,270,,,0,200,,5,270,,,0
13400,'Fête-1-01',735,,8,270,,,0,200,,14,270,,,0,200,,9,270,,,0,200,,11,270,,,0,221,,10,270,,,0,200,,13,270,,,0,200,,12,270,,,0
13400,'Fête-2-01',550,,16,270,,,0,78,,17,270,,,0,20,,18,270,,,0,60,,19,270,,,0,20,,20,270,,,0,20,,21,270,,,0,60,,22,270,,,0,17,,23,270,,,0,33,,24,270,,,0,198,,15,270,,,0
13400,'Semaine-01',550,,26,270,,,0,78,,27,270,,,0,20,,28,270,,,0,60,,29,270,,,0,20,,30,270,,,0,20,,31,270,,,0,60,,32,270,,,0,17,,33,270,,,0,33,,34,270,,,0,198,,25,270,,,0
14300,'Fête-2-01',503,,470,80,,,0,20,,468,210,,,0,22,,469,210,,,0,58,,458,210,,,0,20,,459,210,,,0,20,,460,210,,,0,60,,461,210,,,0,20,,462,210,,,0,19,,463,210,,,0,59,,464,210,,,0,24,,465,210,,,0,18,,466,210,,,0,60,,467,210,,,0
14300,'Semaine-01',503,,483,80,,,0,20,,481,210,,,0,22,,482,210,,,0,58,,471,210,,,0,20,,472,210,,,0,20,,473,210,,,0,60,,474,210,,,0,20,,475,210,,,0,19,,476,210,,,0,59,,477,210,,,0,24,,478,210,,,0,18,,479,210,,,0,60,,480,210,,,0
14600,'Fête-2-01',523,,697,240,,,0,85,,670,240,,,0,20,,668,240,,,0,22,,671,240,,,0,60,,672,240,,,0,15,,669,240,,,0,16,,673,240,,,0,70,,674,240,,,0,27,,666,240,,,0,65,,667,240,,,0,53,,683,290,,,0,100,,684,290,,,0,100,,685,290,,,0,100,,686,290,,,0,100,,687,290,,,0,100,,688,290,,,0,100,,689,290,,,0,62,,696,290,,,0,20,,675,240,,,0,19,,676,240,,,0,61,,677,240,,,0,21,,682,290,,,0,10,,678,240,,,0,75,,679,290,,,0,33,,680,240,,,0,65,,681,240,,,0,34,,690,290,,,0,100,,691,290,,,0,100,,692,290,,,0,95,,693,240,,,0,100,,694,240,,,0,153,,695,240,,,0
14600,'Semaine-01',523,,729,240,,,0,85,,702,240,,,0,20,,700,240,,,0,22,,703,240,,,0,60,,704,240,,,0,15,,701,240,,,0,16,,705,240,,,0,70,,706,240,,,0,27,,698,240,,,0,65,,699,240,,,0,53,,715,290,,,0,100,,716,290,,,0,100,,717,290,,,0,100,,718,290,,,0,100,,719,290,,,0,100,,720,290,,,0,100,,721,290,,,0,62,,728,290,,,0,20,,707,240,,,0,19,,708,240,,,0,61,,709,240,,,0,21,,714,290,,,0,10,,710,240,,,0,75,,711,290,,,0,33,,712,240,,,0,65,,713,240,,,0,34,,722,290,,,0,100,,723,290,,,0,100,,724,290,,,0,95,,725,240,,,0,100,,726,240,,,0,153,,727,240,,,0
14700,'Fête-2-01',523,,821,150,,,0,82,,792,150,,,0,42,,793,150,,,0,60,,794,150,,,0,16,,819,150,,,0,15,,795,150,,,0,72,,796,150,,,0,25,,797,150,,,0,65,,798,150,,,0,116,,807,200,,,0,100,,808,200,,,0,100,,809,200,,,0,100,,810,200,,,0,100,,811,200,,,0,100,,812,200,,,0,92,,820,200,,,0,27,,799,150,,,0,19,,800,150,,,0,61,,801,150,,,0,31,,802,150,,,0,60,,806,200,,,0,10,,803,150,,,0,43,,804,200,,,0,60,,805,150,,,0,97,,813,200,,,0,100,,814,200,,,0,100,,815,200,,,0,95,,816,150,,,0,100,,817,150,,,0,128,,818,150,,,0
14700,'Semaine-01',523,,851,150,,,0,82,,822,150,,,0,42,,823,150,,,0,60,,824,150,,,0,16,,849,150,,,0,15,,825,150,,,0,72,,826,150,,,0,25,,827,150,,,0,65,,828,150,,,0,116,,837,200,,,0,100,,838,200,,,0,100,,839,200,,,0,100,,840,200,,,0,100,,841,200,,,0,100,,842,200,,,0,92,,850,200,,,0,27,,829,150,,,0,19,,830,150,,,0,61,,831,150,,,0,31,,832,150,,,0,60,,836,200,,,0,10,,833,150,,,0,43,,834,200,,,0,60,,835,150,,,0,97,,843,200,,,0,100,,844,200,,,0,100,,845,200,,,0,95,,846,150,,,0,100,,847,150,,,0,128,,848,150,,,0
45401,'Semaine-01',1637,,1559,110,4,,0,70,,1556,110,4,,0,45,,1558,110,4,,0,65,,1557,110,4,,0
