65000,'Week-end-01',603,,1960,280,4,,0,120,,1961,280,4,,0,120,,1962,280,4,,0,160,,1963,280,4,,0,120,,1964,280,4,,0,120,,1965,280,4,,0,160,,1966,280,4,,0,120,,1967,280,4,,0,120,,1968,280,4,,0,160,,1969,280,4,,0,120,,1970,280,4,,0,120,,1971,280,4,,0,160,,1972,280,4,,0,120,,1973,280,4,,0,120,,1974,280,4,,0
65000,'Fête-1-01',603,,1975,280,4,,0,120,,1976,280,4,,0,120,,1977,280,4,,0,160,,1978,280,4,,0,120,,1979,280,4,,0,120,,1980,280,4,,0,160,,1981,280,4,,0,120,,1982,280,4,,0,120,,1983,280,4,,0,160,,1984,280,4,,0,120,,1985,280,4,,0,120,,1986,280,4,,0,160,,1987,280,4,,0,120,,1988,280,4,,0,120,,1989,280,4,,0
65000,'Fête-2-01',526,,1990,280,4,,0,80,,1992,280,4,,0,100,,1993,280,4,,0,40,,1994,280,4,,0,80,,1995,280,4,,0,79,,1996,280,4,,0,38,,1991,280,4,,0,60,,2003,280,4,,0,40,,1997,280,4,,0,60,,2004,280,4,,0,40,,1998,280,4,,0,60,,2005,280,4,,0,40,,1999,280,4,,0,60,,2006,280,4,,0,40,,2000,280,4,,0,60,,2007,280,4,,0,40,,2001,280,4,,0,60,,2008,280,4,,0,22,,2009,280,4,,0,21,,2002,280,4,,0,80,,2010,280,4,,0,80,,2011,280,4,,0,40,,2012,280,4,,0,100,,2020,280,4,,0,98,,2013,280,4,,0,100,,2014,280,4,,0,100,,2015,280,4,,0,100,,2016,280,4,,0,110,,2018,280,4,,0,80,,2019,280,4,,0,80,,2017,280,4,,0
65000,'Semaine-01',526,,2021,280,4,,0,80,,2023,280,4,,0,100,,2024,280,4,,0,40,,2025,280,4,,0,80,,2026,280,4,,0,79,,2027,280,4,,0,38,,2022,280,4,,0,60,,2034,280,4,,0,40,,2028,280,4,,0,60,,2035,280,4,,0,40,,2029,280,4,,0,60,,2036,280,4,,0,40,,2030,280,4,,0,60,,2037,280,4,,0,40,,2031,280,4,,0,60,,2038,280,4,,0,40,,2032,280,4,,0,60,,2039,280,4,,0,22,,2040,280,4,,0,21,,2033,280,4,,0,80,,2041,280,4,,0,80,,2042,280,4,,0,40,,2043,280,4,,0,100,,2051,280,4,,0,98,,2044,280,4,,0,100,,2045,280,4,,0,100,,2046,280,4,,0,100,,2047,280,4,,0,110,,2049,280,4,,0,80,,2050,280,4,,0,80,,2048,280,4,,0
65001,'Week-end-01',610,,2052,10,,,0,120,,2053,10,,,0,120,,2054,10,,,0,160,,2055,10,,,0,120,,2056,10,,,0,120,,2057,10,,,0,160,,2058,10,,,0,120,,2059,10,,,0,120,,2060,10,,,0,160,,2061,10,,,0,120,,2062,10,,,0,120,,2063,10,,,0,160,,2064,10,,,0,120,,2065,10,,,0,120,,2066,10,,,0
65001,'Fête-1-01',610,,2067,10,,,0,120,,2068,10,,,0,120,,2069,10,,,0,160,,2070,10,,,0,120,,2071,10,,,0,120,,2072,10,,,0,160,,2073,10,,,0,120,,2074,10,,,0,120,,2075,10,,,0,160,,2076,10,,,0,120,,2077,10,,,0,120,,2078,10,,,0,160,,2079,10,,,0,120,,2080,10,,,0,120,,2081,10,,,0
65001,'Fête-2-01',541,,2082,10,,,0,80,,2084,10,,,0,100,,2085,10,,,0,80,,2083,10,,,0,40,,2086,10,,,0,80,,2087,10,,,0,20,,2088,10,,,0,60,,2089,10,,,0,20,,2090,10,,,0,80,,2091,10,,,0,20,,2092,10,,,0,80,,2093,10,,,0,20,,2094,10,,,0,80,,2095,10,,,0,20,,2096,10,,,0,80,,2097,10,,,0,20,,2098,10,,,0,80,,2099,10,,,0,20,,2100,10,,,0,80,,2101,10,,,0,40,,2108,10,,,0,80,,2107,10,,,0,80,,2102,10,,,0,40,,2109,10,,,0,69,,2113,10,,,0,92,,2103,10,,,0,100,,2104,10,,,0,100,,2105,10,,,0,100,,2106,10,,,0,100,,2112,10,,,0,40,,2110,10,,,0,80,,2111,10,,,0
65001,'Semaine-01',541,,2114,10,,,0,80,,2116,10,,,0,100,,2117,10,,,0,80,,2115,10,,,0,40,,2118,10,,,0,80,,2119,10,,,0,20,,2120,10,,,0,60,,2121,10,,,0,20,,2122,10,,,0,80,,2123,10,,,0,20,,2124,10,,,0,80,,2125,10,,,0,20,,2126,10,,,0,80,,2127,10,,,0,20,,2128,10,,,0,80,,2129,10,,,0,20,,2130,10,,,0,80,,2131,10,,,0,20,,2132,10,,,0,80,,2133,10,,,0,40,,2140,10,,,0,80,,2139,10,,,0,80,,2134,10,,,0,40,,2141,10,,,0,69,,2145,10,,,0,92,,2135,10,,,0,100,,2136,10,,,0,100,,2137,10,,,0,100,,2138,10,,,0,100,,2144,10,,,0,40,,2142,10,,,0,80,,2143,10,,,0
65100,'Week-end-01',643,,2146,280,4,,0,160,,2147,280,4,,0,120,,2148,280,4,,0,120,,2149,280,4,,0,160,,2150,280,4,,0,120,,2151,280,4,,0,120,,2152,280,4,,0,160,,2153,280,4,,0,120,,2154,280,4,,0,120,,2155,280,4,,0,160,,2156,280,4,,0,120,,2157,280,4,,0,120,,2158,280,4,,0,160,,2159,280,4,,0,120,,2160,280,4,,0
65100,'Fête-1-01',643,,2161,280,4,,0,160,,2162,280,4,,0,120,,2163,280,4,,0,120,,2164,280,4,,0,160,,2165,280,4,,0,120,,2166,280,4,,0,120,,2167,280,4,,0,160,,2168,280,4,,0,120,,2169,280,4,,0,120,,2170,280,4,,0,160,,2171,280,4,,0,120,,2172,280,4,,0,120,,2173,280,4,,0,160,,2174,280,4,,0,120,,2175,280,4,,0
65100,'Fête-2-01',626,,2176,280,4,,0,298,,2177,280,4,,0,99,,2178,280,4,,0,100,,2179,280,4,,0,100,,2180,280,4,,0,100,,2181,280,4,,0,100,,2182,280,4,,0,403,,2183,280,4,,0,99,,2184,280,4,,0,99,,2185,280,4,,0,100,,2186,280,4,,0,100,,2187,280,4,,0
65100,'Semaine-01',626,,2188,280,4,,0,298,,2189,280,4,,0,99,,2190,280,4,,0,100,,2191,280,4,,0,100,,2192,280,4,,0,100,,2193,280,4,,0,100,,2194,280,4,,0,403,,2195,280,4,,0,99,,2196,280,4,,0,99,,2197,280,4,,0,100,,2198,280,4,,0,100,,2199,280,4,,0
65101,'Week-end-01',650,,2200,10,,,0,160,,2201,10,,,0,120,,2202,10,,,0,120,,2203,10,,,0,160,,2204,10,,,0,120,,2205,10,,,0,120,,2206,10,,,0,160,,2207,10,,,0,120,,2208,10,,,0,120,,2209,10,,,0,160,,2210,10,,,0,120,,2211,10,,,0,120,,2212,10,,,0,160,,2213,10,,,0,120,,2214,10,,,0
65101,'Fête-1-01',650,,2215,10,,,0,160,,2216,10,,,0,120,,2217,10,,,0,120,,2218,10,,,0,160,,2219,10,,,0,120,,2220,10,,,0,120,,2221,10,,,0,160,,2222,10,,,0,120,,2223,10,,,0,120,,2224,10,,,0,160,,2225,10,,,0,120,,2226,10,,,0,120,,2227,10,,,0,160,,2228,10,,,0,120,,2229,10,,,0
65101,'Fête-2-01',741,,2230,40,,,0,168,,2242,40,,,0,132,,2231,40,,,0,100,,2232,40,,,0,100,,2233,40,,,0,100,,2234,40,,,0,100,,2235,40,,,0,100,,2236,40,,,0,401,,2237,40,,,0,100,,2238,40,,,0,100,,2239,40,,,0,100,,2240,40,,,0,100,,2241,40,,,0
65101,'Semaine-01',741,,2243,40,,,0,168,,2255,40,,,0,132,,2244,40,,,0,100,,2245,40,,,0,100,,2246,40,,,0,100,,2247,40,,,0,100,,2248,40,,,0,100,,2249,40,,,0,401,,2250,40,,,0,100,,2251,40,,,0,100,,2252,40,,,0,100,,2253,40,,,0,100,,2254,40,,,0
