13400,'Week-end-01',717,,1,10,,,0,200,,7,10,,,0,200,,2,10,,,0,200,,4,10,,,0,221,,3,10,,,0,200,,6,10,,,0,200,,5,10,,,0
13400,'Fête-1-01',717,,8,10,,,0,200,,14,10,,,0,200,,9,10,,,0,200,,11,10,,,0,221,,10,10,,,0,200,,13,10,,,0,200,,12,10,,,0
13400,'Fête-2-01',530,,16,10,,,0,77,,17,10,,,0,20,,18,10,,,0,20,,19,10,,,0,60,,20,10,,,0,19,,21,10,,,0,20,,22,10,,,0,58,,23,10,,,0,33,,24,10,,,0,198,,15,10,,,0
13400,'Semaine-01',530,,26,10,,,0,77,,27,10,,,0,20,,28,10,,,0,20,,29,10,,,0,60,,30,10,,,0,19,,31,10,,,0,20,,32,10,,,0,58,,33,10,,,0,33,,34,10,,,0,198,,25,10,,,0
13501,'Fête-2-01',535,,86,40,,,0,79,,87,40,,,0,20,,88,40,,,0,71,,89,40,,,0,32,,85,40,,,0,65,,84,40,,,0,25,,83,40,,,0
13501,'Semaine-01',535,,93,40,,,0,79,,94,40,,,0,20,,95,40,,,0,71,,96,40,,,0,32,,92,40,,,0,65,,91,40,,,0,25,,90,40,,,0
35001,'Fête-2-01',530,,1384,90,4,,0,72,,1385,90,4,,0,20,,1386,90,4,,0,80,,1387,90,4,,0,20,,1388,90,4,,0,20,,1389,90,4,,0,60,,1390,90,4,,0,30,,1391,90,4,,0
35001,'Semaine-01',530,,1392,90,4,,0,72,,1393,90,4,,0,20,,1394,90,4,,0,80,,1395,90,4,,0,20,,1396,90,4,,0,20,,1397,90,4,,0,60,,1398,90,4,,0,30,,1399,90,4,,0
45700,'Fête-2-01',638,,1577,10,,,0,88,,1576,10,,,0
45700,'Semaine-01',638,,1579,10,,,0,88,,1578,10,,,0
