'LRRS-A24-GTFSLRR-Fête-1-01',14201,61800,4,'',0,9200,,'',0,1600,4,'',0,10400,,'',0,1600,4,'',0,10400,,'',0,5600,4,'',0,10400,,'',0,1600,4,'',0,10400,,'',0,1600,4,'',0,10400,,'',0,5600,4,'',0,12000,,'',0,1600,4,'',0,10400,,'',0,5600,4,'',0,10400,,'',0,1600,4,'',0,9300,,'',0,1600,4,'',0,10400,,'',0,1600,4,'',0,10400,,'',0,5600,4,'',0,10400,,'',0,1600,4,'',0,10400,,'',0,1600,4,'',0,10400,,'',0,5600,4,'',0
'LRRS-A24-GTFSLRR-Fête-2-01',14201,45900,4,'',0,4400,,'',0,1600,4,'',0,400,,'',0,1600,4,'',0,400,,'',0,1600,4,'',0,4400,,'',0,1600,4,'',0,400,,'',0,1600,4,'',0,400,,'',0,1600,4,'',0,4400,,'',0,1600,4,'',0,400,,'',0,1600,4,'',0,600,,'',0,5600,4,'',0,300,,'',0,1600,4,'',0,300,,'',0,1600,4,'',0,400,,'',0,1600,4,'',0,7700,,'',0,1600,4,'',0,8400,,'',0,1600,4,'',0,8400,,'',0,1600,4,'',0,8400,,'',0,1600,4,'',0,8400,,'',0,1600,4,'',0,8400,,'',0,1600,4,'',0,8400,,'',0,1600,4,'',0,200,,'',0,5600,4,'',0,400,,'',0,1600,4,'',0,400,,'',0,1600,4,'',0,400,,'',0,5600,4,'',0,400,,'',0,1600,4,'',0,400,,'',0,1600,4,'',0,400,,'',0,5600,4,'',0,400,,'',0,1600,4,'',0,400,,'',0,1600,4,'',0,200,,'',0,5600,4,'',0,700,,'',0,1600,4,'',0,500,,'',0,1600,4,'',0,8400,,'',0,1600,4,'',0,8400,,'',0,1600,4,'',0,8400,,'',0,1600,4,'',0,8100,,'',0,1600,4,'',0,15900,,'',0,1600,4,'',0
'LRRS-A24-GTFSLRR-Semaine-01',14201,45900,4,'',0,4400,,'',0,1600,4,'',0,400,,'',0,1600,4,'',0,400,,'',0,1600,4,'',0,4400,,'',0,1600,4,'',0,400,,'',0,1600,4,'',0,400,,'',0,1600,4,'',0,4400,,'',0,1600,4,'',0,400,,'',0,1600,4,'',0,600,,'',0,5600,4,'',0,300,,'',0,1600,4,'',0,300,,'',0,1600,4,'',0,400,,'',0,1600,4,'',0,7700,,'',0,1600,4,'',0,8400,,'',0,1600,4,'',0,8400,,'',0,1600,4,'',0,8400,,'',0,1600,4,'',0,8400,,'',0,1600,4,'',0,8400,,'',0,1600,4,'',0,8400,,'',0,1600,4,'',0,200,,'',0,5600,4,'',0,400,,'',0,1600,4,'',0,400,,'',0,1600,4,'',0,400,,'',0,5600,4,'',0,400,,'',0,1600,4,'',0,400,,'',0,1600,4,'',0,400,,'',0,5600,4,'',0,400,,'',0,1600,4,'',0,400,,'',0,1600,4,'',0,200,,'',0,5600,4,'',0,700,,'',0,1600,4,'',0,500,,'',0,1600,4,'',0,8400,,'',0,1600,4,'',0,8400,,'',0,1600,4,'',0,8400,,'',0,1600,4,'',0,8100,,'',0,1600,4,'',0,15900,,'',0,1600,4,'',0
'LRRS-A24-GTFSLRR-Week-end-01',14201,61800,4,'',0,9200,,'',0,1600,4,'',0,10400,,'',0,1600,4,'',0,10400,,'',0,5600,4,'',0,10400,,'',0,1600,4,'',0,10400,,'',0,1600,4,'',0,10400,,'',0,5600,4,'',0,12000,,'',0,1600,4,'',0,10400,,'',0,5600,4,'',0,10400,,'',0,1600,4,'',0,9300,,'',0,1600,4,'',0,10400,,'',0,1600,4,'',0,10400,,'',0,5600,4,'',0,10400,,'',0,1600,4,'',0,10400,,'',0,1600,4,'',0,10400,,'',0,5600,4,'',0
'LRRS-A24-GTFSLRR-Fête-1-01',14300,63600,,'',0,1600,4,'',0,10400,,'',0,5600,4,'',0,10400,,'',0,1600,4,'',0,10400,,'',0,1600,4,'',0,10400,,'',0,5600,4,'',0,10400,,'',0,1600,4,'',0
'LRRS-A24-GTFSLRR-Fête-1-01',14301,143500,0,'Candiac<>La Prairie (D''Auteuil)',0,1800,4,'',0,14700,0,'Candiac<>La Prairie (D''Auteuil)',0,1800,4,'',0,10200,0,'Candiac<>La Prairie (D''Auteuil)',0,1800,4,'',0,10200,0,'Candiac<>La Prairie (D''Auteuil)',0,1800,4,'',0,9700,0,'Candiac<>La Prairie (D''Auteuil)',0,5800,4,'',0,10200,0,'Candiac<>La Prairie (D''Auteuil)',0,1800,4,'',0,10200,0,'Candiac<>La Prairie (D''Auteuil)',0,1800,4,'',0,10200,0,'Candiac<>La Prairie (D''Auteuil)',0,5800,4,'',0,10200,0,'Candiac<>La Prairie (D''Auteuil)',0,1800,4,'',0
'LRRS-A24-GTFSLRR-Fête-2-01',14300,50500,4,'',0,400,,'',0,1600,4,'',0,600,,'',0,1600,4,'',0,200,,'',0,5600,4,'',0,400,,'',0,1600,4,'',0,400,,'',0,1600,4,'',0,400,,'',0,5600,4,'',0,400,,'',0,1600,4,'',0,300,,'',0,1600,4,'',0,300,,'',0,5600,4,'',0,800,,'',0,1600,4,'',0,200,,'',0,1600,4,'',0,400,,'',0,5600,4,'',0
'LRRS-A24-GTFSLRR-Fête-2-01',14301,91200,,'',0,1800,4,'',0,8200,,'',0,1800,4,'',0,8200,,'',0,1800,4,'',0,8200,,'',0,1800,4,'',0,8200,,'',0,1800,4,'',0,8200,,'',0,1800,4,'',0,8200,,'',0,1800,4,'',0,1900,,'',0,5800,4,'',0,400,,'',0,1700,,'',0,100,4,'',0,1700,4,'',0,200,,'',0,5800,4,'',0,200,,'',0,1800,4,'',0,200,,'',0,1800,4,'',0,200,,'',0,5800,4,'',0,200,,'',0,1800,4,'',0,200,,'',0,1800,4,'',0,300,,'',0,5800,4,'',0,500,,'',0,1800,4,'',0,8200,,'',0,1800,4,'',0,8200,,'',0,1800,4,'',0,8200,,'',0,1800,4,'',0,8200,,'',0,1800,4,'',0,9800,,'',0,1800,4,'',0,10200,,'',0,5800,4,'',0
'LRRS-A24-GTFSLRR-Semaine-01',14300,50500,4,'',0,400,,'',0,1600,4,'',0,600,,'',0,1600,4,'',0,200,,'',0,5600,4,'',0,400,,'',0,1600,4,'',0,400,,'',0,1600,4,'',0,400,,'',0,5600,4,'',0,400,,'',0,1600,4,'',0,300,,'',0,1600,4,'',0,300,,'',0,5600,4,'',0,800,,'',0,1600,4,'',0,200,,'',0,1600,4,'',0,400,,'',0,5600,4,'',0
'LRRS-A24-GTFSLRR-Semaine-01',14301,91200,,'',0,1800,4,'',0,8200,,'',0,1800,4,'',0,8200,,'',0,1800,4,'',0,8200,,'',0,1800,4,'',0,8200,,'',0,1800,4,'',0,8200,,'',0,1800,4,'',0,8200,,'',0,1800,4,'',0,1900,,'',0,5800,4,'',0,400,,'',0,1700,,'',0,100,4,'',0,1700,4,'',0,200,,'',0,5800,4,'',0,200,,'',0,1800,4,'',0,200,,'',0,1800,4,'',0,200,,'',0,5800,4,'',0,200,,'',0,1800,4,'',0,200,,'',0,1800,4,'',0,300,,'',0,5800,4,'',0,500,,'',0,1800,4,'',0,8200,,'',0,1800,4,'',0,8200,,'',0,1800,4,'',0,8200,,'',0,1800,4,'',0,8200,,'',0,1800,4,'',0,9800,,'',0,1800,4,'',0,10200,,'',0,5800,4,'',0
'LRRS-A24-GTFSLRR-Week-end-01',14300,63600,,'',0,1600,4,'',0,10400,,'',0,5600,4,'',0,10400,,'',0,1600,4,'',0,10400,,'',0,1600,4,'',0,10400,,'',0,5600,4,'',0,10400,,'',0,1600,4,'',0
'LRRS-A24-GTFSLRR-Week-end-01',14301,143500,,'',0,1800,4,'',0,14700,,'',0,1800,4,'',0,10200,,'',0,1800,4,'',0,10200,,'',0,1800,4,'',0,9700,,'',0,5800,4,'',0,10200,,'',0,1800,4,'',0,10200,,'',0,1800,4,'',0,10200,,'',0,5800,4,'',0,10200,,'',0,1800,4,'',0
