14100,'Week-end-01',800,,231,20,,,0,40,,232,20,,,0,80,,233,20,,,0,80,,234,20,,,0,40,,235,20,,,0,80,,236,20,,,0,80,,237,20,,,0,40,,238,20,,,0,78,,228,20,,,0,36,,239,20,,,0,77,,240,20,,,0,78,,241,20,,,0,38,,242,20,,,0,79,,243,20,,,0,81,,244,20,,,0,39,,245,20,,,0,80,,246,20,,,0,78,,247,20,,,0,40,,248,20,,,0,80,,249,20,,,0,80,,250,20,,,0,40,,251,20,,,0,80,,252,20,,,0,80,,253,20,,,0,40,,254,20,,,0,80,,255,20,,,0,80,,256,20,,,0,40,,257,20,,,0
14100,'Fête-1-01',800,,261,20,,,0,40,,262,20,,,0,80,,263,20,,,0,80,,264,20,,,0,40,,265,20,,,0,80,,266,20,,,0,80,,267,20,,,0,40,,268,20,,,0,78,,258,20,,,0,36,,269,20,,,0,77,,270,20,,,0,78,,271,20,,,0,38,,272,20,,,0,79,,273,20,,,0,81,,274,20,,,0,39,,275,20,,,0,80,,276,20,,,0,78,,277,20,,,0,40,,278,20,,,0,80,,279,20,,,0,80,,280,20,,,0,40,,281,20,,,0,80,,282,20,,,0,80,,283,20,,,0,40,,284,20,,,0,80,,285,20,,,0,80,,286,20,,,0,40,,287,20,,,0
14100,'Fête-2-01',435,,335,20,,,0,84,,288,20,,,0,28,,289,20,,,0,57,,290,20,,,0,15,,291,20,,,0,15,,292,20,,,0,15,,293,20,,,0,55,,294,20,,,0,15,,295,20,,,0,15,,296,20,,,0,17,,297,20,,,0,52,,298,20,,,0,16,,299,20,,,0,15,,300,20,,,0,15,,301,20,,,0,88,,302,20,,,0,80,,303,20,,,0,40,,304,20,,,0,80,,305,20,,,0,80,,306,20,,,0,40,,307,20,,,0,80,,308,20,,,0,80,,309,20,,,0,40,,310,20,,,0,80,,311,20,,,0,67,,312,20,,,0,15,,313,20,,,0,15,,314,20,,,0,15,,315,20,,,0,55,,316,20,,,0,15,,317,20,,,0,15,,318,20,,,0,15,,319,20,,,0,55,,320,20,,,0,15,,321,20,,,0,15,,322,20,,,0,17,,323,20,,,0,53,,324,20,,,0,20,,327,20,,,0,33,,328,20,,,0,80,,329,20,,,0,80,,330,20,,,0,40,,331,20,,,0,80,,332,20,,,0,80,,333,20,,,0,40,,334,20,,,0,60,,325,20,,,0,120,,326,20,,,0
14100,'Semaine-01',435,,383,20,,,0,84,,336,20,,,0,28,,337,20,,,0,57,,338,20,,,0,15,,339,20,,,0,15,,340,20,,,0,15,,341,20,,,0,55,,342,20,,,0,15,,343,20,,,0,15,,344,20,,,0,17,,345,20,,,0,52,,346,20,,,0,16,,347,20,,,0,15,,348,20,,,0,15,,349,20,,,0,88,,350,20,,,0,80,,351,20,,,0,40,,352,20,,,0,80,,353,20,,,0,80,,354,20,,,0,40,,355,20,,,0,80,,356,20,,,0,80,,357,20,,,0,40,,358,20,,,0,80,,359,20,,,0,67,,360,20,,,0,15,,361,20,,,0,15,,362,20,,,0,15,,363,20,,,0,55,,364,20,,,0,15,,365,20,,,0,15,,366,20,,,0,15,,367,20,,,0,55,,368,20,,,0,15,,369,20,,,0,15,,370,20,,,0,17,,371,20,,,0,53,,372,20,,,0,20,,375,20,,,0,33,,376,20,,,0,80,,377,20,,,0,80,,378,20,,,0,40,,379,20,,,0,80,,380,20,,,0,80,,381,20,,,0,40,,382,20,,,0,60,,373,20,,,0,120,,374,20,,,0
14401,'Week-end-01',835,,583,20,,,0,200,,584,20,,,0,200,,582,20,,,0,187,,585,20,,,0,200,,586,20,,,0,200,,587,20,,,0,200,,588,20,,,0
14401,'Fête-1-01',835,,590,20,,,0,200,,591,20,,,0,200,,589,20,,,0,187,,592,20,,,0,200,,593,20,,,0,200,,594,20,,,0,200,,595,20,,,0
14401,'Fête-2-01',553,,596,20,,,0,81,,607,20,,,0,83,,608,20,,,0,36,,609,20,,,0,84,,610,20,,,0,80,,599,20,,,0,120,,600,20,,,0,120,,601,20,,,0,161,,602,20,,,0,120,,603,20,,,0,120,,604,20,,,0,80,,611,20,,,0,80,,612,20,,,0,40,,613,20,,,0,80,,614,20,,,0,79,,605,20,,,0,120,,606,20,,,0,120,,597,20,,,0,160,,598,20,,,0
14401,'Semaine-01',553,,615,20,,,0,81,,626,20,,,0,83,,627,20,,,0,36,,628,20,,,0,84,,629,20,,,0,80,,618,20,,,0,120,,619,20,,,0,120,,620,20,,,0,161,,621,20,,,0,120,,622,20,,,0,120,,623,20,,,0,80,,630,20,,,0,80,,631,20,,,0,40,,632,20,,,0,80,,633,20,,,0,79,,624,20,,,0,120,,625,20,,,0,120,,616,20,,,0,160,,617,20,,,0
35200,'Week-end-01',828,,1426,20,,,0,120,,1427,20,,,0,280,,1428,20,,,0,280,,1429,20,,,0,240,,1430,20,,,0,156,,1431,20,,,0,239,,1432,20,,,0,85,,1433,20,,,0,276,,1434,20,,,0
35200,'Fête-1-01',828,,1435,20,,,0,120,,1436,20,,,0,280,,1437,20,,,0,280,,1438,20,,,0,240,,1439,20,,,0,156,,1440,20,,,0,239,,1441,20,,,0,85,,1442,20,,,0,276,,1443,20,,,0
35200,'Fête-2-01',821,,1444,20,,,0,216,,1445,20,,,0,120,,1446,20,,,0,200,,1447,20,,,0,294,,1448,20,,,0,65,,1449,20,,,0,35,,1450,20,,,0,80,,1451,20,,,0,69,,1452,20,,,0,29,,1453,20,,,0,28,,1454,20,,,0,160,,1455,20,,,0,184,,1456,20,,,0,116,,1457,20,,,0,120,,1458,20,,,0
35200,'Semaine-01',821,,1459,20,,,0,216,,1460,20,,,0,120,,1461,20,,,0,200,,1462,20,,,0,294,,1463,20,,,0,65,,1464,20,,,0,35,,1465,20,,,0,80,,1466,20,,,0,69,,1467,20,,,0,29,,1468,20,,,0,28,,1469,20,,,0,160,,1470,20,,,0,184,,1471,20,,,0,116,,1472,20,,,0,120,,1473,20,,,0
65001,'Week-end-01',621,,2052,50,,,0,120,,2053,50,,,0,160,,2054,50,,,0,120,,2055,50,,,0,120,,2056,50,,,0,160,,2057,50,,,0,120,,2058,50,,,0,120,,2059,50,,,0,160,,2060,50,,,0,120,,2061,50,,,0,120,,2062,50,,,0,160,,2063,50,,,0,120,,2064,50,,,0,120,,2065,50,,,0,160,,2066,50,,,0
65001,'Fête-1-01',621,,2067,50,,,0,120,,2068,50,,,0,160,,2069,50,,,0,120,,2070,50,,,0,120,,2071,50,,,0,160,,2072,50,,,0,120,,2073,50,,,0,120,,2074,50,,,0,160,,2075,50,,,0,120,,2076,50,,,0,120,,2077,50,,,0,160,,2078,50,,,0,120,,2079,50,,,0,120,,2080,50,,,0,160,,2081,50,,,0
65001,'Fête-2-01',553,,2082,50,,,0,80,,2084,50,,,0,100,,2085,50,,,0,80,,2083,50,,,0,40,,2086,50,,,0,80,,2087,50,,,0,20,,2088,50,,,0,60,,2089,50,,,0,20,,2090,50,,,0,80,,2091,50,,,0,20,,2092,50,,,0,80,,2093,50,,,0,20,,2094,50,,,0,80,,2095,50,,,0,20,,2096,50,,,0,80,,2097,50,,,0,20,,2098,50,,,0,80,,2099,50,,,0,20,,2100,50,,,0,80,,2101,50,,,0,40,,2108,50,,,0,80,,2107,50,,,0,80,,2102,50,,,0,40,,2109,50,,,0,69,,2113,50,,,0,92,,2103,50,,,0,100,,2104,50,,,0,100,,2105,50,,,0,100,,2106,50,,,0,100,,2112,50,,,0,40,,2110,50,,,0,80,,2111,50,,,0
65001,'Semaine-01',553,,2114,50,,,0,80,,2116,50,,,0,100,,2117,50,,,0,80,,2115,50,,,0,40,,2118,50,,,0,80,,2119,50,,,0,20,,2120,50,,,0,60,,2121,50,,,0,20,,2122,50,,,0,80,,2123,50,,,0,20,,2124,50,,,0,80,,2125,50,,,0,20,,2126,50,,,0,80,,2127,50,,,0,20,,2128,50,,,0,80,,2129,50,,,0,20,,2130,50,,,0,80,,2131,50,,,0,20,,2132,50,,,0,80,,2133,50,,,0,40,,2140,50,,,0,80,,2139,50,,,0,80,,2134,50,,,0,40,,2141,50,,,0,69,,2145,50,,,0,92,,2135,50,,,0,100,,2136,50,,,0,100,,2137,50,,,0,100,,2138,50,,,0,100,,2144,50,,,0,40,,2142,50,,,0,80,,2143,50,,,0
65101,'Week-end-01',701,,2200,50,,,0,120,,2201,50,,,0,120,,2202,50,,,0,160,,2203,50,,,0,120,,2204,50,,,0,120,,2205,50,,,0,160,,2206,50,,,0,120,,2207,50,,,0,120,,2208,50,,,0,160,,2209,50,,,0,120,,2210,50,,,0,120,,2211,50,,,0,160,,2212,50,,,0,120,,2213,50,,,0,120,,2214,50,,,0
65101,'Fête-1-01',701,,2215,50,,,0,120,,2216,50,,,0,120,,2217,50,,,0,160,,2218,50,,,0,120,,2219,50,,,0,120,,2220,50,,,0,160,,2221,50,,,0,120,,2222,50,,,0,120,,2223,50,,,0,160,,2224,50,,,0,120,,2225,50,,,0,120,,2226,50,,,0,160,,2227,50,,,0,120,,2228,50,,,0,120,,2229,50,,,0
65101,'Fête-2-01',753,,2230,80,,,0,168,,2242,80,,,0,132,,2231,80,,,0,100,,2232,80,,,0,100,,2233,80,,,0,100,,2234,80,,,0,100,,2235,80,,,0,100,,2236,80,,,0,401,,2237,80,,,0,100,,2238,80,,,0,100,,2239,80,,,0,100,,2240,80,,,0,100,,2241,80,,,0
65101,'Semaine-01',753,,2243,80,,,0,168,,2255,80,,,0,132,,2244,80,,,0,100,,2245,80,,,0,100,,2246,80,,,0,100,,2247,80,,,0,100,,2248,80,,,0,100,,2249,80,,,0,401,,2250,80,,,0,100,,2251,80,,,0,100,,2252,80,,,0,100,,2253,80,,,0,100,,2254,80,,,0
