14201,'Fête-2-01',505,,392,50,,,0,20,,388,50,,,0,20,,394,50,,,0,60,,391,50,,,0,20,,396,50,,,0,20,,390,50,,,0,60,,395,50,,,0,20,,389,50,,,0,22,,385,50,,,0,59,,387,50,,,0,19,,386,50,,,0,20,,393,50,,,0,93,,398,50,,,0,100,,409,50,,,0,100,,410,50,,,0,100,,411,50,,,0,100,,412,50,,,0,100,,413,50,,,0,100,,414,50,,,0,18,,399,50,,,0,60,,400,50,,,0,20,,401,50,,,0,20,,402,50,,,0,60,,403,50,,,0,20,,404,50,,,0,20,,405,50,,,0,60,,406,50,,,0,20,,407,50,,,0,18,,408,50,,,0,63,,384,50,,,0,21,,416,50,,,0,100,,417,50,,,0,100,,418,50,,,0,100,,419,50,,,0,97,,420,50,,,0,175,,415,50,,,0
14201,'Semaine-01',505,,429,50,,,0,20,,425,50,,,0,20,,431,50,,,0,60,,428,50,,,0,20,,433,50,,,0,20,,427,50,,,0,60,,432,50,,,0,20,,426,50,,,0,22,,422,50,,,0,59,,424,50,,,0,19,,423,50,,,0,20,,430,50,,,0,93,,435,50,,,0,100,,446,50,,,0,100,,447,50,,,0,100,,448,50,,,0,100,,449,50,,,0,100,,450,50,,,0,100,,451,50,,,0,18,,436,50,,,0,60,,437,50,,,0,20,,438,50,,,0,20,,439,50,,,0,60,,440,50,,,0,20,,441,50,,,0,20,,442,50,,,0,60,,443,50,,,0,20,,444,50,,,0,18,,445,50,,,0,63,,421,50,,,0,21,,453,50,,,0,100,,454,50,,,0,100,,455,50,,,0,100,,456,50,,,0,97,,457,50,,,0,175,,452,50,,,0
65001,'Week-end-01',634,,2052,220,,,0,120,,2053,220,,,0,160,,2054,220,,,0,120,,2055,220,,,0,120,,2056,220,,,0,160,,2057,220,,,0,120,,2058,220,,,0,120,,2059,220,,,0,160,,2060,220,,,0,120,,2061,220,,,0,120,,2062,220,,,0,160,,2063,220,,,0,120,,2064,220,,,0,120,,2065,220,,,0,160,,2066,220,,,0
65001,'Fête-1-01',634,,2067,220,,,0,120,,2068,220,,,0,160,,2069,220,,,0,120,,2070,220,,,0,120,,2071,220,,,0,160,,2072,220,,,0,120,,2073,220,,,0,120,,2074,220,,,0,160,,2075,220,,,0,120,,2076,220,,,0,120,,2077,220,,,0,160,,2078,220,,,0,120,,2079,220,,,0,120,,2080,220,,,0,160,,2081,220,,,0
65001,'Fête-2-01',607,,2082,220,,,0,40,,2084,220,,,0,100,,2085,220,,,0,80,,2083,220,,,0,79,,2086,220,,,0,40,,2087,220,,,0,60,,2088,220,,,0,20,,2089,220,,,0,20,,2090,220,,,0,80,,2091,220,,,0,20,,2092,220,,,0,80,,2093,220,,,0,20,,2094,220,,,0,80,,2095,220,,,0,20,,2096,220,,,0,80,,2097,220,,,0,20,,2098,220,,,0,82,,2099,220,,,0,20,,2100,220,,,0,80,,2101,220,,,0,80,,2108,220,,,0,40,,2107,220,,,0,80,,2102,220,,,0,79,,2109,220,,,0,28,,2113,220,,,0,92,,2103,220,,,0,100,,2104,220,,,0,100,,2105,220,,,0,100,,2106,220,,,0,100,,2112,220,,,0,80,,2110,220,,,0,40,,2111,220,,,0
65001,'Semaine-01',607,,2114,220,,,0,40,,2116,220,,,0,100,,2117,220,,,0,80,,2115,220,,,0,79,,2118,220,,,0,40,,2119,220,,,0,60,,2120,220,,,0,20,,2121,220,,,0,20,,2122,220,,,0,80,,2123,220,,,0,20,,2124,220,,,0,80,,2125,220,,,0,20,,2126,220,,,0,80,,2127,220,,,0,20,,2128,220,,,0,80,,2129,220,,,0,20,,2130,220,,,0,82,,2131,220,,,0,20,,2132,220,,,0,80,,2133,220,,,0,80,,2140,220,,,0,40,,2139,220,,,0,80,,2134,220,,,0,79,,2141,220,,,0,28,,2145,220,,,0,92,,2135,220,,,0,100,,2136,220,,,0,100,,2137,220,,,0,100,,2138,220,,,0,100,,2144,220,,,0,80,,2142,220,,,0,40,,2143,220,,,0
65101,'Week-end-01',714,,2200,220,,,0,120,,2201,220,,,0,120,,2202,220,,,0,160,,2203,220,,,0,120,,2204,220,,,0,120,,2205,220,,,0,160,,2206,220,,,0,120,,2207,220,,,0,120,,2208,220,,,0,160,,2209,220,,,0,120,,2210,220,,,0,120,,2211,220,,,0,160,,2212,220,,,0,120,,2213,220,,,0,120,,2214,220,,,0
65101,'Fête-1-01',714,,2215,220,,,0,120,,2216,220,,,0,120,,2217,220,,,0,160,,2218,220,,,0,120,,2219,220,,,0,120,,2220,220,,,0,160,,2221,220,,,0,120,,2222,220,,,0,120,,2223,220,,,0,160,,2224,220,,,0,120,,2225,220,,,0,120,,2226,220,,,0,160,,2227,220,,,0,120,,2228,220,,,0,120,,2229,220,,,0
65101,'Fête-2-01',807,,2230,250,,,0,127,,2242,250,,,0,172,,2231,250,,,0,100,,2232,250,,,0,100,,2233,250,,,0,100,,2234,250,,,0,101,,2235,250,,,0,101,,2236,250,,,0,399,,2237,250,,,0,100,,2238,250,,,0,100,,2239,250,,,0,100,,2240,250,,,0,100,,2241,250,,,0
65101,'Semaine-01',807,,2243,250,,,0,127,,2255,250,,,0,172,,2244,250,,,0,100,,2245,250,,,0,100,,2246,250,,,0,100,,2247,250,,,0,101,,2248,250,,,0,101,,2249,250,,,0,399,,2250,250,,,0,100,,2251,250,,,0,100,,2252,250,,,0,100,,2253,250,,,0,100,,2254,250,,,0
