55000,'Fête-2-01',720,,1759,20,4,,0,18,,1760,20,4,,0,98,,1764,20,4,,0,102,,1758,20,4,,0,663,,1761,20,4,,0,100,,1762,20,4,,0,100,,1763,20,4,,0
55000,'Semaine-01',720,,1766,20,4,,0,18,,1767,20,4,,0,98,,1771,20,4,,0,102,,1765,20,4,,0,663,,1768,20,4,,0,100,,1769,20,4,,0,100,,1770,20,4,,0
55001,'Fête-2-01',748,,1772,30,,,0,57,,1773,30,,,0,821,,1774,30,,,0,100,,1775,30,,,0,100,,1776,30,,,0
55001,'Semaine-01',748,,1777,30,,,0,57,,1778,30,,,0,821,,1779,30,,,0,100,,1780,30,,,0,100,,1781,30,,,0
55100,'Fête-2-01',728,,1783,20,4,,0,7,,1784,20,4,,0,105,,1785,20,4,,0,98,,1782,20,4,,0,618,,1786,20,4,,0,100,,1787,20,4,,0,100,,1788,20,4,,0
55100,'Semaine-01',728,,1790,20,4,,0,7,,1791,20,4,,0,105,,1792,20,4,,0,98,,1789,20,4,,0,618,,1793,20,4,,0,100,,1794,20,4,,0,100,,1795,20,4,,0
55101,'Fête-2-01',753,,1796,30,,,0,49,,1797,30,,,0,819,,1798,30,,,0,100,,1799,30,,,0,100,,1800,30,,,0
55101,'Semaine-01',753,,1801,30,,,0,49,,1802,30,,,0,819,,1803,30,,,0,100,,1804,30,,,0,100,,1805,30,,,0
55500,'Fête-2-01',648,,1908,20,4,,0,75,,1912,20,4,,0,20,,1913,20,4,,0,85,,1914,20,4,,0,676,,1909,20,4,,0,102,,1910,20,4,,0,100,,1911,20,4,,0
55500,'Semaine-01',648,,1915,20,4,,0,75,,1921,20,4,,0,20,,1922,20,4,,0,85,,1923,20,4,,0,110,,1916,20,4,,0,200,,1917,20,4,,0,366,,1918,20,4,,0,102,,1919,20,4,,0,100,,1920,20,4,,0
55501,'Fête-2-01',750,,1927,30,,,0,58,,1928,30,,,0,723,,1925,30,,,0,100,,1929,30,,,0,100,,1926,30,,,0,100,,1924,30,,,0
55501,'Semaine-01',750,,1933,30,,,0,58,,1934,30,,,0,723,,1931,30,,,0,100,,1935,30,,,0,100,,1932,30,,,0,100,,1930,30,,,0
65100,'Fête-2-01',639,,2176,290,4,,0,298,,2177,290,4,,0,99,,2178,290,4,,0,100,,2179,290,4,,0,100,,2180,290,4,,0,100,,2181,290,4,,0,100,,2182,290,4,,0,403,,2183,290,4,,0,99,,2184,290,4,,0,99,,2185,290,4,,0,100,,2186,290,4,,0,100,,2187,290,4,,0
65100,'Semaine-01',639,,2188,290,4,,0,298,,2189,290,4,,0,99,,2190,290,4,,0,100,,2191,290,4,,0,100,,2192,290,4,,0,100,,2193,290,4,,0,100,,2194,290,4,,0,403,,2195,290,4,,0,99,,2196,290,4,,0,99,,2197,290,4,,0,100,,2198,290,4,,0,100,,2199,290,4,,0
65101,'Fête-2-01',725,,2230,30,,,0,128,,2242,30,,,0,172,,2231,30,,,0,100,,2232,30,,,0,100,,2233,30,,,0,100,,2234,30,,,0,100,,2235,30,,,0,100,,2236,30,,,0,401,,2237,30,,,0,100,,2238,30,,,0,100,,2239,30,,,0,100,,2240,30,,,0,100,,2241,30,,,0
65101,'Semaine-01',725,,2243,30,,,0,128,,2255,30,,,0,172,,2244,30,,,0,100,,2245,30,,,0,100,,2246,30,,,0,100,,2247,30,,,0,100,,2248,30,,,0,100,,2249,30,,,0,401,,2250,30,,,0,100,,2251,30,,,0,100,,2252,30,,,0,100,,2253,30,,,0,100,,2254,30,,,0
