14100,'Week-end-01',802,,231,30,,,0,40,,232,30,,,0,80,,233,30,,,0,80,,234,30,,,0,40,,235,30,,,0,80,,236,30,,,0,80,,237,30,,,0,40,,238,30,,,0,78,,228,30,,,0,36,,239,30,,,0,77,,240,30,,,0,78,,241,30,,,0,38,,242,30,,,0,79,,243,30,,,0,81,,244,30,,,0,39,,245,30,,,0,80,,246,30,,,0,78,,247,30,,,0,40,,248,30,,,0,80,,249,30,,,0,80,,250,30,,,0,40,,251,30,,,0,80,,252,30,,,0,80,,253,30,,,0,40,,254,30,,,0,80,,255,30,,,0,80,,256,30,,,0,40,,257,30,,,0
14100,'Fête-1-01',802,,261,30,,,0,40,,262,30,,,0,80,,263,30,,,0,80,,264,30,,,0,40,,265,30,,,0,80,,266,30,,,0,80,,267,30,,,0,40,,268,30,,,0,78,,258,30,,,0,36,,269,30,,,0,77,,270,30,,,0,78,,271,30,,,0,38,,272,30,,,0,79,,273,30,,,0,81,,274,30,,,0,39,,275,30,,,0,80,,276,30,,,0,78,,277,30,,,0,40,,278,30,,,0,80,,279,30,,,0,80,,280,30,,,0,40,,281,30,,,0,80,,282,30,,,0,80,,283,30,,,0,40,,284,30,,,0,80,,285,30,,,0,80,,286,30,,,0,40,,287,30,,,0
14100,'Fête-2-01',437,,335,30,,,0,84,,288,30,,,0,28,,289,30,,,0,57,,290,30,,,0,15,,291,30,,,0,15,,292,30,,,0,15,,293,30,,,0,55,,294,30,,,0,15,,295,30,,,0,15,,296,30,,,0,17,,297,30,,,0,52,,298,30,,,0,16,,299,30,,,0,15,,300,30,,,0,15,,301,30,,,0,88,,302,30,,,0,80,,303,30,,,0,40,,304,30,,,0,80,,305,30,,,0,80,,306,30,,,0,40,,307,30,,,0,80,,308,30,,,0,80,,309,30,,,0,40,,310,30,,,0,80,,311,30,,,0,67,,312,30,,,0,15,,313,30,,,0,15,,314,30,,,0,15,,315,30,,,0,55,,316,30,,,0,15,,317,30,,,0,15,,318,30,,,0,15,,319,30,,,0,55,,320,30,,,0,15,,321,30,,,0,15,,322,30,,,0,17,,323,30,,,0,53,,324,30,,,0,20,,327,30,,,0,33,,328,30,,,0,80,,329,30,,,0,80,,330,30,,,0,40,,331,30,,,0,80,,332,30,,,0,80,,333,30,,,0,40,,334,30,,,0,60,,325,30,,,0,120,,326,30,,,0
14100,'Semaine-01',437,,383,30,,,0,84,,336,30,,,0,28,,337,30,,,0,57,,338,30,,,0,15,,339,30,,,0,15,,340,30,,,0,15,,341,30,,,0,55,,342,30,,,0,15,,343,30,,,0,15,,344,30,,,0,17,,345,30,,,0,52,,346,30,,,0,16,,347,30,,,0,15,,348,30,,,0,15,,349,30,,,0,88,,350,30,,,0,80,,351,30,,,0,40,,352,30,,,0,80,,353,30,,,0,80,,354,30,,,0,40,,355,30,,,0,80,,356,30,,,0,80,,357,30,,,0,40,,358,30,,,0,80,,359,30,,,0,67,,360,30,,,0,15,,361,30,,,0,15,,362,30,,,0,15,,363,30,,,0,55,,364,30,,,0,15,,365,30,,,0,15,,366,30,,,0,15,,367,30,,,0,55,,368,30,,,0,15,,369,30,,,0,15,,370,30,,,0,17,,371,30,,,0,53,,372,30,,,0,20,,375,30,,,0,33,,376,30,,,0,80,,377,30,,,0,80,,378,30,,,0,40,,379,30,,,0,80,,380,30,,,0,80,,381,30,,,0,40,,382,30,,,0,60,,373,30,,,0,120,,374,30,,,0
14401,'Week-end-01',837,,583,30,,,0,200,,584,30,,,0,200,,582,30,,,0,187,,585,30,,,0,200,,586,30,,,0,200,,587,30,,,0,200,,588,30,,,0
14401,'Fête-1-01',837,,590,30,,,0,200,,591,30,,,0,200,,589,30,,,0,187,,592,30,,,0,200,,593,30,,,0,200,,594,30,,,0,200,,595,30,,,0
14401,'Fête-2-01',555,,596,30,,,0,81,,607,30,,,0,83,,608,30,,,0,36,,609,30,,,0,84,,610,30,,,0,79,,599,30,,,0,120,,600,30,,,0,120,,601,30,,,0,162,,602,30,,,0,120,,603,30,,,0,160,,604,30,,,0,40,,611,30,,,0,80,,612,30,,,0,80,,613,30,,,0,40,,614,30,,,0,78,,605,30,,,0,120,,606,30,,,0,120,,597,30,,,0,160,,598,30,,,0
14401,'Semaine-01',555,,615,30,,,0,81,,626,30,,,0,83,,627,30,,,0,36,,628,30,,,0,84,,629,30,,,0,79,,618,30,,,0,120,,619,30,,,0,120,,620,30,,,0,162,,621,30,,,0,120,,622,30,,,0,160,,623,30,,,0,40,,630,30,,,0,80,,631,30,,,0,80,,632,30,,,0,40,,633,30,,,0,78,,624,30,,,0,120,,625,30,,,0,120,,616,30,,,0,160,,617,30,,,0
35200,'Week-end-01',829,,1426,30,,,0,120,,1427,30,,,0,280,,1428,30,,,0,280,,1429,30,,,0,240,,1430,30,,,0,156,,1431,30,,,0,239,,1432,30,,,0,85,,1433,30,,,0,276,,1434,30,,,0
35200,'Fête-1-01',829,,1435,30,,,0,120,,1436,30,,,0,280,,1437,30,,,0,280,,1438,30,,,0,240,,1439,30,,,0,156,,1440,30,,,0,239,,1441,30,,,0,85,,1442,30,,,0,276,,1443,30,,,0
35200,'Fête-2-01',822,,1444,30,,,0,216,,1445,30,,,0,120,,1446,30,,,0,200,,1447,30,,,0,294,,1448,30,,,0,65,,1449,30,,,0,35,,1450,30,,,0,80,,1451,30,,,0,69,,1452,30,,,0,29,,1453,30,,,0,28,,1454,30,,,0,160,,1455,30,,,0,184,,1456,30,,,0,116,,1457,30,,,0,120,,1458,30,,,0
35200,'Semaine-01',822,,1459,30,,,0,216,,1460,30,,,0,120,,1461,30,,,0,200,,1462,30,,,0,294,,1463,30,,,0,65,,1464,30,,,0,35,,1465,30,,,0,80,,1466,30,,,0,69,,1467,30,,,0,29,,1468,30,,,0,28,,1469,30,,,0,160,,1470,30,,,0,184,,1471,30,,,0,116,,1472,30,,,0,120,,1473,30,,,0
