13401,'Week-end-01',801,,35,280,4,,0,200,,36,280,4,,0,200,,39,280,4,,0,200,,41,280,4,,0,135,,38,280,4,,0,200,,40,280,4,,0,200,,37,280,4,,0
13401,'Fête-1-01',801,,42,280,4,,0,200,,43,280,4,,0,200,,46,280,4,,0,200,,48,280,4,,0,135,,45,280,4,,0,200,,47,280,4,,0,200,,44,280,4,,0
13401,'Fête-2-01',1329,,56,280,4,,0,281,,50,280,4,,0,19,,49,280,4,,0,20,,58,280,4,,0,68,,51,280,4,,0,12,,52,280,4,,0,20,,55,280,4,,0,58,,53,280,4,,0,40,,54,280,4,,0,80,,57,280,4,,0
13401,'Semaine-01',1329,,66,280,4,,0,281,,60,280,4,,0,19,,59,280,4,,0,20,,68,280,4,,0,68,,61,280,4,,0,12,,62,280,4,,0,20,,65,280,4,,0,58,,63,280,4,,0,40,,64,280,4,,0,80,,67,280,4,,0
13500,'Fête-2-01',1636,,75,230,4,,0,19,,74,230,4,,0,60,,73,230,4,,0,31,,72,230,4,,0,70,,70,230,4,,0,38,,71,230,4,,0,65,,69,230,4,,0
13500,'Semaine-01',1636,,82,230,4,,0,19,,81,230,4,,0,60,,80,230,4,,0,31,,79,230,4,,0,70,,77,230,4,,0,38,,78,230,4,,0,65,,76,230,4,,0
35000,'Fête-2-01',1610,,1370,10,,,0,100,,1371,10,,,0,20,,1375,10,,,0,20,,1372,10,,,0,60,,1373,10,,,0,40,,1374,10,,,0,80,,1376,10,,,0
35000,'Semaine-01',1610,,1377,10,,,0,100,,1378,10,,,0,20,,1382,10,,,0,20,,1379,10,,,0,60,,1380,10,,,0,40,,1381,10,,,0,80,,1383,10,,,0
45701,'Fête-2-01',1704,,1580,200,4,,0,100,,1581,200,4,,0
45701,'Semaine-01',1704,,1582,200,4,,0,100,,1583,200,4,,0
