14301,'Fête-2-01',927,,506,220,,,0,100,,495,220,,,0,100,,496,220,,,0,100,,497,220,,,0,100,,498,220,,,0,100,,499,220,,,0,100,,500,220,,,0,77,,507,220,,,0,22,,484,220,,,0,17,,485,220,,,0,60,,486,220,,,0,20,,487,220,,,0,20,,488,220,,,0,60,,489,220,,,0,20,,490,220,,,0,20,,491,220,,,0,61,,492,220,,,0,23,,504,220,,,0,100,,505,220,,,0,100,,501,220,,,0,100,,493,220,,,0,100,,502,220,,,0,116,,494,220,,,0,160,,503,220,,,0
14301,'Semaine-01',927,,530,220,,,0,100,,519,220,,,0,100,,520,220,,,0,100,,521,220,,,0,100,,522,220,,,0,100,,523,220,,,0,100,,524,220,,,0,77,,531,220,,,0,22,,508,220,,,0,17,,509,220,,,0,60,,510,220,,,0,20,,511,220,,,0,20,,512,220,,,0,60,,513,220,,,0,20,,514,220,,,0,20,,515,220,,,0,61,,516,220,,,0,23,,528,220,,,0,100,,529,220,,,0,100,,525,220,,,0,100,,517,220,,,0,100,,526,220,,,0,116,,518,220,,,0,160,,527,220,,,0
65001,'Week-end-01',630,,2052,160,,,0,120,,2053,160,,,0,160,,2054,160,,,0,120,,2055,160,,,0,120,,2056,160,,,0,160,,2057,160,,,0,120,,2058,160,,,0,120,,2059,160,,,0,160,,2060,160,,,0,120,,2061,160,,,0,120,,2062,160,,,0,160,,2063,160,,,0,120,,2064,160,,,0,120,,2065,160,,,0,160,,2066,160,,,0
65001,'Fête-1-01',630,,2067,160,,,0,120,,2068,160,,,0,160,,2069,160,,,0,120,,2070,160,,,0,120,,2071,160,,,0,160,,2072,160,,,0,120,,2073,160,,,0,120,,2074,160,,,0,160,,2075,160,,,0,120,,2076,160,,,0,120,,2077,160,,,0,160,,2078,160,,,0,120,,2079,160,,,0,120,,2080,160,,,0,160,,2081,160,,,0
65001,'Fête-2-01',602,,2082,160,,,0,40,,2084,160,,,0,100,,2085,160,,,0,80,,2083,160,,,0,80,,2086,160,,,0,40,,2087,160,,,0,60,,2088,160,,,0,20,,2089,160,,,0,20,,2090,160,,,0,80,,2091,160,,,0,20,,2092,160,,,0,80,,2093,160,,,0,20,,2094,160,,,0,80,,2095,160,,,0,20,,2096,160,,,0,80,,2097,160,,,0,20,,2098,160,,,0,81,,2099,160,,,0,20,,2100,160,,,0,80,,2101,160,,,0,80,,2108,160,,,0,40,,2107,160,,,0,80,,2102,160,,,0,80,,2109,160,,,0,28,,2113,160,,,0,92,,2103,160,,,0,100,,2104,160,,,0,100,,2105,160,,,0,100,,2106,160,,,0,100,,2112,160,,,0,80,,2110,160,,,0,40,,2111,160,,,0
65001,'Semaine-01',602,,2114,160,,,0,40,,2116,160,,,0,100,,2117,160,,,0,80,,2115,160,,,0,80,,2118,160,,,0,40,,2119,160,,,0,60,,2120,160,,,0,20,,2121,160,,,0,20,,2122,160,,,0,80,,2123,160,,,0,20,,2124,160,,,0,80,,2125,160,,,0,20,,2126,160,,,0,80,,2127,160,,,0,20,,2128,160,,,0,80,,2129,160,,,0,20,,2130,160,,,0,81,,2131,160,,,0,20,,2132,160,,,0,80,,2133,160,,,0,80,,2140,160,,,0,40,,2139,160,,,0,80,,2134,160,,,0,80,,2141,160,,,0,28,,2145,160,,,0,92,,2135,160,,,0,100,,2136,160,,,0,100,,2137,160,,,0,100,,2138,160,,,0,100,,2144,160,,,0,80,,2142,160,,,0,40,,2143,160,,,0
65101,'Week-end-01',710,,2200,160,,,0,120,,2201,160,,,0,120,,2202,160,,,0,160,,2203,160,,,0,120,,2204,160,,,0,120,,2205,160,,,0,160,,2206,160,,,0,120,,2207,160,,,0,120,,2208,160,,,0,160,,2209,160,,,0,120,,2210,160,,,0,120,,2211,160,,,0,160,,2212,160,,,0,120,,2213,160,,,0,120,,2214,160,,,0
65101,'Fête-1-01',710,,2215,160,,,0,120,,2216,160,,,0,120,,2217,160,,,0,160,,2218,160,,,0,120,,2219,160,,,0,120,,2220,160,,,0,160,,2221,160,,,0,120,,2222,160,,,0,120,,2223,160,,,0,160,,2224,160,,,0,120,,2225,160,,,0,120,,2226,160,,,0,160,,2227,160,,,0,120,,2228,160,,,0,120,,2229,160,,,0
65101,'Fête-2-01',802,,2230,190,,,0,128,,2242,190,,,0,172,,2231,190,,,0,100,,2232,190,,,0,100,,2233,190,,,0,100,,2234,190,,,0,100,,2235,190,,,0,101,,2236,190,,,0,400,,2237,190,,,0,100,,2238,190,,,0,100,,2239,190,,,0,100,,2240,190,,,0,100,,2241,190,,,0
65101,'Semaine-01',802,,2243,190,,,0,128,,2255,190,,,0,172,,2244,190,,,0,100,,2245,190,,,0,100,,2246,190,,,0,100,,2247,190,,,0,100,,2248,190,,,0,101,,2249,190,,,0,400,,2250,190,,,0,100,,2251,190,,,0,100,,2252,190,,,0,100,,2253,190,,,0,100,,2254,190,,,0
