14201,'Fête-2-01',504,,392,40,,,0,20,,388,40,,,0,20,,394,40,,,0,60,,391,40,,,0,20,,396,40,,,0,20,,390,40,,,0,60,,395,40,,,0,20,,389,40,,,0,22,,385,40,,,0,59,,387,40,,,0,19,,386,40,,,0,20,,393,40,,,0,93,,398,40,,,0,100,,409,40,,,0,100,,410,40,,,0,100,,411,40,,,0,100,,412,40,,,0,100,,413,40,,,0,100,,414,40,,,0,18,,399,40,,,0,60,,400,40,,,0,20,,401,40,,,0,20,,402,40,,,0,60,,403,40,,,0,20,,404,40,,,0,20,,405,40,,,0,60,,406,40,,,0,20,,407,40,,,0,18,,408,40,,,0,63,,384,40,,,0,21,,416,40,,,0,100,,417,40,,,0,100,,418,40,,,0,100,,419,40,,,0,97,,420,40,,,0,175,,415,40,,,0
14201,'Semaine-01',504,,429,40,,,0,20,,425,40,,,0,20,,431,40,,,0,60,,428,40,,,0,20,,433,40,,,0,20,,427,40,,,0,60,,432,40,,,0,20,,426,40,,,0,22,,422,40,,,0,59,,424,40,,,0,19,,423,40,,,0,20,,430,40,,,0,93,,435,40,,,0,100,,446,40,,,0,100,,447,40,,,0,100,,448,40,,,0,100,,449,40,,,0,100,,450,40,,,0,100,,451,40,,,0,18,,436,40,,,0,60,,437,40,,,0,20,,438,40,,,0,20,,439,40,,,0,60,,440,40,,,0,20,,441,40,,,0,20,,442,40,,,0,60,,443,40,,,0,20,,444,40,,,0,18,,445,40,,,0,63,,421,40,,,0,21,,453,40,,,0,100,,454,40,,,0,100,,455,40,,,0,100,,456,40,,,0,97,,457,40,,,0,175,,452,40,,,0
65001,'Week-end-01',633,,2052,210,,,0,120,,2053,210,,,0,160,,2054,210,,,0,120,,2055,210,,,0,120,,2056,210,,,0,160,,2057,210,,,0,120,,2058,210,,,0,120,,2059,210,,,0,160,,2060,210,,,0,120,,2061,210,,,0,120,,2062,210,,,0,160,,2063,210,,,0,120,,2064,210,,,0,120,,2065,210,,,0,160,,2066,210,,,0
65001,'Fête-1-01',633,,2067,210,,,0,120,,2068,210,,,0,160,,2069,210,,,0,120,,2070,210,,,0,120,,2071,210,,,0,160,,2072,210,,,0,120,,2073,210,,,0,120,,2074,210,,,0,160,,2075,210,,,0,120,,2076,210,,,0,120,,2077,210,,,0,160,,2078,210,,,0,120,,2079,210,,,0,120,,2080,210,,,0,160,,2081,210,,,0
65001,'Fête-2-01',606,,2082,210,,,0,40,,2084,210,,,0,100,,2085,210,,,0,80,,2083,210,,,0,79,,2086,210,,,0,40,,2087,210,,,0,60,,2088,210,,,0,20,,2089,210,,,0,20,,2090,210,,,0,80,,2091,210,,,0,20,,2092,210,,,0,80,,2093,210,,,0,20,,2094,210,,,0,80,,2095,210,,,0,20,,2096,210,,,0,80,,2097,210,,,0,20,,2098,210,,,0,82,,2099,210,,,0,20,,2100,210,,,0,80,,2101,210,,,0,80,,2108,210,,,0,40,,2107,210,,,0,80,,2102,210,,,0,79,,2109,210,,,0,28,,2113,210,,,0,92,,2103,210,,,0,100,,2104,210,,,0,100,,2105,210,,,0,100,,2106,210,,,0,100,,2112,210,,,0,80,,2110,210,,,0,40,,2111,210,,,0
65001,'Semaine-01',606,,2114,210,,,0,40,,2116,210,,,0,100,,2117,210,,,0,80,,2115,210,,,0,79,,2118,210,,,0,40,,2119,210,,,0,60,,2120,210,,,0,20,,2121,210,,,0,20,,2122,210,,,0,80,,2123,210,,,0,20,,2124,210,,,0,80,,2125,210,,,0,20,,2126,210,,,0,80,,2127,210,,,0,20,,2128,210,,,0,80,,2129,210,,,0,20,,2130,210,,,0,82,,2131,210,,,0,20,,2132,210,,,0,80,,2133,210,,,0,80,,2140,210,,,0,40,,2139,210,,,0,80,,2134,210,,,0,79,,2141,210,,,0,28,,2145,210,,,0,92,,2135,210,,,0,100,,2136,210,,,0,100,,2137,210,,,0,100,,2138,210,,,0,100,,2144,210,,,0,80,,2142,210,,,0,40,,2143,210,,,0
65101,'Week-end-01',713,,2200,210,,,0,120,,2201,210,,,0,120,,2202,210,,,0,160,,2203,210,,,0,120,,2204,210,,,0,120,,2205,210,,,0,160,,2206,210,,,0,120,,2207,210,,,0,120,,2208,210,,,0,160,,2209,210,,,0,120,,2210,210,,,0,120,,2211,210,,,0,160,,2212,210,,,0,120,,2213,210,,,0,120,,2214,210,,,0
65101,'Fête-1-01',713,,2215,210,,,0,120,,2216,210,,,0,120,,2217,210,,,0,160,,2218,210,,,0,120,,2219,210,,,0,120,,2220,210,,,0,160,,2221,210,,,0,120,,2222,210,,,0,120,,2223,210,,,0,160,,2224,210,,,0,120,,2225,210,,,0,120,,2226,210,,,0,160,,2227,210,,,0,120,,2228,210,,,0,120,,2229,210,,,0
65101,'Fête-2-01',806,,2230,240,,,0,127,,2242,240,,,0,172,,2231,240,,,0,100,,2232,240,,,0,100,,2233,240,,,0,100,,2234,240,,,0,101,,2235,240,,,0,101,,2236,240,,,0,399,,2237,240,,,0,100,,2238,240,,,0,100,,2239,240,,,0,100,,2240,240,,,0,100,,2241,240,,,0
65101,'Semaine-01',806,,2243,240,,,0,127,,2255,240,,,0,172,,2244,240,,,0,100,,2245,240,,,0,100,,2246,240,,,0,100,,2247,240,,,0,101,,2248,240,,,0,101,,2249,240,,,0,399,,2250,240,,,0,100,,2251,240,,,0,100,,2252,240,,,0,100,,2253,240,,,0,100,,2254,240,,,0
