14400,'Fête-2-01',944,,552,160,4,,0,160,,553,160,4,,0,120,,554,160,4,,0,122,,555,160,4,,0,162,,556,160,4,,0,436,,551,160,4,,0,160,,550,160,4,,0,120,,549,160,4,,0
14400,'Semaine-01',944,,571,160,4,,0,160,,572,160,4,,0,120,,573,160,4,,0,122,,574,160,4,,0,162,,575,160,4,,0,436,,570,160,4,,0,160,,569,160,4,,0,120,,568,160,4,,0
14401,'Fête-2-01',916,,599,10,,,0,120,,600,10,,,0,120,,601,10,,,0,160,,602,10,,,0,120,,603,10,,,0,480,,605,10,,,0,120,,606,10,,,0,120,,597,10,,,0,160,,598,10,,,0
14401,'Semaine-01',916,,618,10,,,0,120,,619,10,,,0,120,,620,10,,,0,160,,621,10,,,0,120,,622,10,,,0,480,,624,10,,,0,120,,625,10,,,0,120,,616,10,,,0,160,,617,10,,,0
35100,'Fête-2-01',548,,1400,60,4,,0,77,,1401,60,4,,0,78,,1402,60,4,,0,32,,1403,60,4,,0,72,,1404,60,4,,0,32,,1405,60,4,,0
35100,'Semaine-01',548,,1406,60,4,,0,77,,1407,60,4,,0,78,,1408,60,4,,0,32,,1409,60,4,,0,72,,1410,60,4,,0,32,,1411,60,4,,0
35101,'Fête-2-01',1600,,1412,10,,,0,35,,1413,10,,,0,80,,1414,10,,,0,39,,1415,10,,,0,61,,1416,10,,,0,40,,1417,10,,,0,70,,1418,10,,,0
35101,'Semaine-01',1600,,1419,10,,,0,35,,1420,10,,,0,80,,1421,10,,,0,39,,1422,10,,,0,61,,1423,10,,,0,40,,1424,10,,,0,70,,1425,10,,,0
35200,'Week-end-01',827,,1426,10,,,0,120,,1427,10,,,0,280,,1428,10,,,0,280,,1429,10,,,0,240,,1430,10,,,0,156,,1431,10,,,0,239,,1432,10,,,0,85,,1433,10,,,0,276,,1434,10,,,0
35200,'Fête-1-01',827,,1435,10,,,0,120,,1436,10,,,0,280,,1437,10,,,0,280,,1438,10,,,0,240,,1439,10,,,0,156,,1440,10,,,0,239,,1441,10,,,0,85,,1442,10,,,0,276,,1443,10,,,0
35200,'Fête-2-01',820,,1444,10,,,0,216,,1445,10,,,0,120,,1446,10,,,0,200,,1447,10,,,0,294,,1448,10,,,0,65,,1449,10,,,0,35,,1450,10,,,0,80,,1451,10,,,0,29,,1452,10,,,0,69,,1453,10,,,0,28,,1454,10,,,0,160,,1455,10,,,0,184,,1456,10,,,0,116,,1457,10,,,0,120,,1458,10,,,0
35200,'Semaine-01',820,,1459,10,,,0,216,,1460,10,,,0,120,,1461,10,,,0,200,,1462,10,,,0,294,,1463,10,,,0,65,,1464,10,,,0,35,,1465,10,,,0,80,,1466,10,,,0,29,,1467,10,,,0,69,,1468,10,,,0,28,,1469,10,,,0,160,,1470,10,,,0,184,,1471,10,,,0,116,,1472,10,,,0,120,,1473,10,,,0
35201,'Week-end-01',710,,1474,180,4,,0,117,,1475,180,4,,0,120,,1476,180,4,,0,280,,1479,180,4,,0,280,,1480,180,4,,0,240,,1481,180,4,,0,480,,1478,180,4,,0,203,,1477,180,4,,0
35201,'Fête-1-01',710,,1482,180,4,,0,117,,1483,180,4,,0,120,,1484,180,4,,0,280,,1487,180,4,,0,280,,1488,180,4,,0,240,,1489,180,4,,0,480,,1486,180,4,,0,203,,1485,180,4,,0
35201,'Fête-2-01',635,,1490,180,4,,0,20,,1491,180,4,,0,60,,1492,180,4,,0,90,,1493,180,4,,0,124,,1494,180,4,,0,120,,1495,180,4,,0,160,,1496,180,4,,0,200,,1497,180,4,,0,226,,1498,180,4,,0,395,,1499,180,4,,0,200,,1500,180,4,,0,110,,1501,180,4,,0
35201,'Semaine-01',635,,1502,180,4,,0,20,,1503,180,4,,0,60,,1504,180,4,,0,90,,1505,180,4,,0,124,,1506,180,4,,0,120,,1507,180,4,,0,160,,1508,180,4,,0,200,,1509,180,4,,0,226,,1510,180,4,,0,395,,1511,180,4,,0,200,,1512,180,4,,0,110,,1513,180,4,,0
