13400,'Week-end-01',718,,1,30,,,0,200,,7,30,,,0,200,,2,30,,,0,200,,4,30,,,0,221,,3,30,,,0,200,,6,30,,,0,200,,5,30,,,0
13400,'Fête-1-01',718,,8,30,,,0,200,,14,30,,,0,200,,9,30,,,0,200,,11,30,,,0,221,,10,30,,,0,200,,13,30,,,0,200,,12,30,,,0
13400,'Fête-2-01',531,,16,30,,,0,77,,17,30,,,0,20,,18,30,,,0,20,,19,30,,,0,60,,20,30,,,0,19,,21,30,,,0,20,,22,30,,,0,58,,23,30,,,0,33,,24,30,,,0,198,,15,30,,,0
13400,'Semaine-01',531,,26,30,,,0,77,,27,30,,,0,20,,28,30,,,0,20,,29,30,,,0,60,,30,30,,,0,19,,31,30,,,0,20,,32,30,,,0,58,,33,30,,,0,33,,34,30,,,0,198,,25,30,,,0
13401,'Week-end-01',759,,35,260,,,0,200,,36,260,,,0,200,,39,260,,,0,200,,41,260,,,0,175,,38,260,,,0,200,,40,260,,,0,200,,37,260,,,0
13401,'Fête-1-01',759,,42,260,,,0,200,,43,260,,,0,200,,46,260,,,0,200,,48,260,,,0,175,,45,260,,,0,200,,47,260,,,0,200,,44,260,,,0
13401,'Fête-2-01',1327,,56,260,,,0,281,,50,260,,,0,19,,49,260,,,0,20,,58,260,,,0,68,,51,260,,,0,12,,52,260,,,0,20,,55,260,,,0,58,,53,260,,,0,40,,54,260,,,0,80,,57,260,,,0
13401,'Semaine-01',1327,,66,260,,,0,281,,60,260,,,0,19,,59,260,,,0,20,,68,260,,,0,68,,61,260,,,0,12,,62,260,,,0,20,,65,260,,,0,58,,63,260,,,0,40,,64,260,,,0,80,,67,260,,,0
45700,'Fête-2-01',639,,1577,30,,,0,88,,1576,30,,,0
45700,'Semaine-01',639,,1579,30,,,0,88,,1578,30,,,0
45701,'Fête-2-01',1702,,1580,180,,,0,100,,1581,180,,,0
45701,'Semaine-01',1702,,1582,180,,,0,100,,1583,180,,,0
