14001,'Week-end-01',702,,97,400,,,0,40,,98,400,,,0,80,,99,400,,,0,80,,100,400,,,0,40,,101,400,,,0,80,,102,400,,,0,80,,103,400,,,0,40,,104,400,,,0,80,,105,400,,,0,80,,106,400,,,0,37,,107,400,,,0,77,,108,400,,,0,37,,109,400,,,0,77,,110,400,,,0,79,,111,400,,,0,39,,112,400,,,0,81,,113,400,,,0,79,,114,400,,,0,40,,115,400,,,0
14001,'Fête-1-01',702,,116,400,,,0,40,,117,400,,,0,80,,118,400,,,0,80,,119,400,,,0,40,,120,400,,,0,80,,121,400,,,0,80,,122,400,,,0,40,,123,400,,,0,80,,124,400,,,0,80,,125,400,,,0,37,,126,400,,,0,77,,127,400,,,0,37,,128,400,,,0,77,,129,400,,,0,79,,130,400,,,0,39,,131,400,,,0,81,,132,400,,,0,79,,133,400,,,0,40,,134,400,,,0
14001,'Fête-2-01',507,,180,400,,,0,48,,135,400,,,0,72,,136,400,,,0,14,,137,400,,,0,14,,138,400,,,0,55,,139,400,,,0,16,,140,400,,,0,15,,141,400,,,0,15,,142,400,,,0,54,,143,400,,,0,16,,144,400,,,0,15,,145,400,,,0,15,,146,400,,,0,55,,147,400,,,0,31,,148,400,,,0,80,,149,400,,,0,80,,150,400,,,0,39,,151,400,,,0,81,,152,400,,,0,80,,153,400,,,0,40,,154,400,,,0,80,,155,400,,,0,80,,156,400,,,0,42,,157,400,,,0,82,,158,400,,,0,14,,159,400,,,0,15,,160,400,,,0,55,,161,400,,,0,15,,162,400,,,0,15,,163,400,,,0,15,,164,400,,,0,55,,165,400,,,0,15,,166,400,,,0,15,,167,400,,,0,15,,168,400,,,0,54,,169,400,,,0,14,,170,400,,,0,14,,171,400,,,0,64,,172,400,,,0,40,,173,400,,,0,80,,174,400,,,0,80,,175,400,,,0,40,,176,400,,,0,80,,177,400,,,0,80,,178,400,,,0,120,,179,400,,,0
14001,'Semaine-01',507,,227,400,,,0,48,,181,400,,,0,72,,182,400,,,0,14,,183,400,,,0,14,,184,400,,,0,55,,185,400,,,0,16,,186,400,,,0,15,,187,400,,,0,15,,188,400,,,0,54,,189,400,,,0,16,,190,400,,,0,15,,191,400,,,0,15,,192,400,,,0,55,,226,240,,,0,31,,194,400,,,0,80,,195,400,,,0,80,,196,400,,,0,39,,197,400,,,0,81,,198,400,,,0,80,,199,400,,,0,40,,200,400,,,0,80,,201,400,,,0,80,,202,400,,,0,42,,203,400,,,0,82,,204,400,,,0,14,,205,400,,,0,15,,206,400,,,0,55,,207,400,,,0,15,,208,400,,,0,15,,209,400,,,0,15,,210,400,,,0,55,,211,400,,,0,15,,212,400,,,0,15,,213,400,,,0,15,,214,400,,,0,54,,215,400,,,0,14,,216,400,,,0,14,,217,400,,,0,64,,218,400,,,0,40,,219,400,,,0,80,,220,400,,,0,80,,221,400,,,0,40,,222,400,,,0,80,,223,400,,,0,80,,224,400,,,0,120,,225,400,,,0
14400,'Week-end-01',825,,532,130,,,0,200,,533,130,,,0,200,,534,130,,,0,221,,535,130,,,0,200,,536,130,,,0,200,,537,130,,,0
14400,'Fête-1-01',825,,538,130,,,0,200,,539,130,,,0,200,,540,130,,,0,221,,541,130,,,0,200,,542,130,,,0,200,,543,130,,,0
14400,'Fête-2-01',546,,547,130,,,0,72,,559,130,,,0,41,,560,130,,,0,83,,561,130,,,0,76,,562,130,,,0,84,,557,130,,,0,39,,552,130,,,0,160,,553,130,,,0,120,,554,130,,,0,122,,555,130,,,0,160,,556,130,,,0,120,,544,130,,,0,80,,548,130,,,0,40,,545,130,,,0,80,,546,130,,,0,80,,558,130,,,0,38,,551,130,,,0,160,,550,130,,,0,120,,549,130,,,0
14400,'Semaine-01',546,,566,130,,,0,72,,578,130,,,0,41,,579,130,,,0,83,,580,130,,,0,76,,581,130,,,0,84,,576,130,,,0,39,,571,130,,,0,160,,572,130,,,0,120,,573,130,,,0,122,,574,130,,,0,160,,575,130,,,0,120,,563,130,,,0,80,,567,130,,,0,40,,564,130,,,0,80,,565,130,,,0,80,,577,130,,,0,38,,570,130,,,0,160,,569,130,,,0,120,,568,130,,,0
35201,'Week-end-01',707,,1474,150,,,0,117,,1475,150,,,0,120,,1476,150,,,0,280,,1479,150,,,0,280,,1480,150,,,0,240,,1481,150,,,0,480,,1478,150,,,0,203,,1477,150,,,0
35201,'Fête-1-01',707,,1482,150,,,0,117,,1483,150,,,0,120,,1484,150,,,0,280,,1487,150,,,0,280,,1488,150,,,0,240,,1489,150,,,0,480,,1486,150,,,0,203,,1485,150,,,0
35201,'Fête-2-01',632,,1490,150,,,0,20,,1491,150,,,0,60,,1492,150,,,0,90,,1493,150,,,0,124,,1494,150,,,0,120,,1495,150,,,0,160,,1496,150,,,0,200,,1497,150,,,0,226,,1498,150,,,0,395,,1499,150,,,0,200,,1500,150,,,0,110,,1501,150,,,0
35201,'Semaine-01',632,,1502,150,,,0,20,,1503,150,,,0,60,,1504,150,,,0,90,,1505,150,,,0,124,,1506,150,,,0,120,,1507,150,,,0,160,,1508,150,,,0,200,,1509,150,,,0,226,,1510,150,,,0,395,,1511,150,,,0,200,,1512,150,,,0,110,,1513,150,,,0
45001,'Semaine-01',1637,,1520,150,4,,0,70,,1523,150,4,,0,30,,1521,150,4,,0,70,,1522,150,4,,0,30,,1519,150,4,,0
