13500,'Fête-2-01',1619,,75,10,,,0,19,,74,10,,,0,21,,73,10,,,0,71,,72,10,,,0,70,,70,10,,,0,38,,71,10,,,0,65,,69,10,,,0
13500,'Semaine-01',1619,,82,10,,,0,19,,81,10,,,0,21,,80,10,,,0,71,,79,10,,,0,70,,77,10,,,0,38,,78,10,,,0,65,,76,10,,,0
13501,'Fête-2-01',549,,86,260,4,,0,81,,87,260,4,,0,20,,88,260,4,,0,71,,89,260,4,,0,32,,85,260,4,,0,65,,84,260,4,,0,25,,83,260,4,,0
13501,'Semaine-01',549,,93,260,4,,0,81,,94,260,4,,0,20,,95,260,4,,0,71,,96,260,4,,0,32,,92,260,4,,0,65,,91,260,4,,0,25,,90,260,4,,0
14600,'Fête-2-01',507,,697,10,,,0,45,,670,10,,,0,60,,668,10,,,0,22,,671,10,,,0,20,,672,10,,,0,55,,669,10,,,0,16,,673,10,,,0,30,,674,10,,,0,67,,666,10,,,0,25,,667,10,,,0,88,,683,10,,,0,100,,684,10,,,0,100,,685,10,,,0,100,,686,10,,,0,100,,687,10,,,0,100,,688,10,,,0,100,,689,10,,,0,22,,696,10,,,0,65,,675,10,,,0,19,,676,10,,,0,61,,677,10,,,0,16,,682,10,,,0,15,,678,10,,,0,70,,679,10,,,0,38,,680,10,,,0,65,,681,10,,,0,29,,690,10,,,0,100,,691,10,,,0,100,,692,10,,,0,100,,693,10,,,0,100,,694,10,,,0,113,,695,10,,,0
14600,'Semaine-01',507,,729,10,,,0,45,,702,10,,,0,60,,700,10,,,0,22,,703,10,,,0,20,,704,10,,,0,55,,701,10,,,0,16,,705,10,,,0,30,,706,10,,,0,67,,698,10,,,0,25,,699,10,,,0,88,,715,10,,,0,100,,716,10,,,0,100,,717,10,,,0,100,,718,10,,,0,100,,719,10,,,0,100,,720,10,,,0,100,,721,10,,,0,22,,728,10,,,0,65,,707,10,,,0,19,,708,10,,,0,61,,709,10,,,0,16,,714,10,,,0,15,,710,10,,,0,70,,711,10,,,0,38,,712,10,,,0,65,,713,10,,,0,29,,722,10,,,0,100,,723,10,,,0,100,,724,10,,,0,100,,725,10,,,0,100,,726,10,,,0,113,,727,10,,,0
14601,'Fête-2-01',549,,730,250,4,,0,82,,731,250,4,,0,20,,732,250,4,,0,71,,733,250,4,,0,31,,734,250,4,,0,66,,735,250,4,,0,25,,736,300,4,,0,85,,747,300,4,,0,95,,748,250,4,,0,105,,749,300,4,,0,100,,750,300,4,,0,100,,751,300,4,,0,100,,752,300,4,,0,101,,753,300,4,,0,89,,737,250,4,,0,19,,738,250,4,,0,21,,739,250,4,,0,58,,744,250,4,,0,13,,740,250,4,,0,18,,745,300,4,,0,52,,741,250,4,,0,22,,746,300,4,,0,16,,742,250,4,,0,65,,743,250,4,,0,27,,754,300,4,,0,100,,755,300,4,,0,100,,756,300,4,,0,95,,757,250,4,,0,100,,758,250,4,,0,120,,759,250,4,,0,100,,760,250,4,,0
14601,'Semaine-01',549,,761,250,4,,0,82,,762,250,4,,0,20,,763,250,4,,0,71,,764,250,4,,0,31,,765,250,4,,0,66,,766,250,4,,0,25,,767,300,4,,0,85,,778,300,4,,0,95,,779,250,4,,0,105,,780,300,4,,0,100,,781,300,4,,0,100,,782,300,4,,0,100,,783,300,4,,0,101,,784,300,4,,0,89,,768,250,4,,0,19,,769,250,4,,0,21,,770,250,4,,0,58,,775,250,4,,0,13,,771,250,4,,0,18,,776,300,4,,0,52,,772,250,4,,0,22,,777,300,4,,0,16,,773,250,4,,0,65,,774,250,4,,0,27,,785,300,4,,0,100,,786,300,4,,0,100,,787,300,4,,0,95,,788,250,4,,0,100,,789,250,4,,0,120,,790,250,4,,0,100,,791,250,4,,0
14700,'Fête-2-01',510,,821,10,,,0,42,,792,10,,,0,82,,793,10,,,0,20,,794,10,,,0,56,,819,10,,,0,15,,795,10,,,0,32,,796,10,,,0,65,,797,10,,,0,25,,798,10,,,0,111,,807,10,,,0,100,,808,10,,,0,100,,809,10,,,0,100,,810,10,,,0,100,,811,10,,,0,100,,812,10,,,0,92,,820,10,,,0,72,,799,10,,,0,19,,800,10,,,0,61,,801,10,,,0,31,,802,10,,,0,15,,806,10,,,0,55,,803,10,,,0,38,,804,10,,,0,65,,805,10,,,0,52,,813,10,,,0,100,,814,10,,,0,100,,815,10,,,0,100,,816,10,,,0,100,,817,10,,,0,168,,818,10,,,0
14700,'Semaine-01',510,,851,10,,,0,42,,822,10,,,0,82,,823,10,,,0,20,,824,10,,,0,56,,849,10,,,0,15,,825,10,,,0,32,,826,10,,,0,65,,827,10,,,0,25,,828,10,,,0,111,,837,10,,,0,100,,838,10,,,0,100,,839,10,,,0,100,,840,10,,,0,100,,841,10,,,0,100,,842,10,,,0,92,,850,10,,,0,72,,829,10,,,0,19,,830,10,,,0,61,,831,10,,,0,31,,832,10,,,0,15,,836,10,,,0,55,,833,10,,,0,38,,834,10,,,0,65,,835,10,,,0,52,,843,10,,,0,100,,844,10,,,0,100,,845,10,,,0,100,,846,10,,,0,100,,847,10,,,0,168,,848,10,,,0
14701,'Fête-2-01',549,,853,150,4,,0,82,,854,150,4,,0,20,,855,150,4,,0,71,,856,150,4,,0,22,,852,200,4,,0,9,,857,150,4,,0,66,,858,150,4,,0,25,,859,150,4,,0,102,,870,200,4,,0,100,,871,200,4,,0,100,,872,200,4,,0,100,,873,200,4,,0,100,,874,200,4,,0,100,,875,200,4,,0,100,,876,200,4,,0,62,,860,150,4,,0,30,,861,150,4,,0,21,,862,150,4,,0,63,,867,200,4,,0,8,,863,150,4,,0,14,,868,150,4,,0,56,,864,150,4,,0,22,,869,200,4,,0,16,,865,150,4,,0,65,,866,150,4,,0,43,,877,200,4,,0,101,,878,200,4,,0,100,,879,200,4,,0,95,,880,150,4,,0,100,,881,150,4,,0,180,,882,150,4,,0
14701,'Semaine-01',549,,884,150,4,,0,82,,885,150,4,,0,20,,886,150,4,,0,71,,887,150,4,,0,22,,883,200,4,,0,9,,888,150,4,,0,66,,889,150,4,,0,25,,890,150,4,,0,102,,901,200,4,,0,100,,902,200,4,,0,100,,903,200,4,,0,100,,904,200,4,,0,100,,905,200,4,,0,100,,906,200,4,,0,100,,907,200,4,,0,62,,891,150,4,,0,30,,892,150,4,,0,21,,893,150,4,,0,63,,898,200,4,,0,8,,894,150,4,,0,14,,899,150,4,,0,56,,895,150,4,,0,22,,900,200,4,,0,16,,896,150,4,,0,65,,897,150,4,,0,43,,908,200,4,,0,101,,909,200,4,,0,100,,910,200,4,,0,95,,911,150,4,,0,100,,912,150,4,,0,180,,913,150,4,,0
