15000,'Fête-2-01',1608,,918,10,,,0,18,,919,10,,,0,21,,920,10,,,0,71,,917,10,,,0,31,,916,10,,,0,78,,914,10,,,0,25,,915,10,,,0
15000,'Semaine-01',1608,,925,10,,,0,18,,926,10,,,0,21,,927,10,,,0,71,,924,10,,,0,31,,923,10,,,0,78,,921,10,,,0,25,,922,10,,,0
15001,'Fête-2-01',559,,929,200,4,,0,83,,930,200,4,,0,58,,933,200,4,,0,33,,932,200,4,,0,71,,931,200,4,,0,25,,928,200,4,,0
15001,'Semaine-01',559,,935,200,4,,0,83,,936,200,4,,0,58,,939,200,4,,0,33,,938,200,4,,0,71,,937,200,4,,0,25,,934,200,4,,0
15501,'Fête-2-01',422,,1220,10,0,5,0,82,,1221,180,0,8,0,27,,1222,180,0,8,0,28,,1206,180,0,8,0,82,,1207,180,0,8,0,61,,1208,180,0,8,0,30,,1209,180,0,8,0,73,,1210,180,0,8,0,24,,1211,180,0,8,0,26,,1212,180,0,8,0,81,,1224,180,0,8,0,99,,1229,180,0,8,0,100,,1226,180,0,8,0,100,,1231,180,0,8,0,100,,1227,180,0,8,0,100,,1230,180,0,8,0,101,,1228,180,0,8,0,76,,1213,180,0,8,0,14,,1214,180,0,8,0,22,,1215,180,0,8,0,71,,1216,180,0,8,0,31,,1217,180,0,8,0,53,,1223,180,0,8,0,25,,1218,180,0,8,0,25,,1219,180,0,8,0,81,,1225,180,0,8,0,100,,1234,180,0,8,0,100,,1237,180,0,8,0,100,,1235,180,0,8,0,100,,1232,180,0,8,0,94,,1236,180,0,8,0,183,,1233,180,0,8,0
15501,'Semaine-01',422,,1252,10,0,5,0,82,,1253,180,0,8,0,27,,1254,180,0,8,0,28,,1238,180,0,8,0,82,,1239,180,0,8,0,61,,1240,180,0,8,0,30,,1241,180,0,8,0,73,,1242,180,0,8,0,24,,1243,180,0,8,0,26,,1244,180,0,8,0,81,,1256,180,0,8,0,99,,1261,180,0,8,0,100,,1258,180,0,8,0,100,,1263,180,0,8,0,100,,1259,180,0,8,0,100,,1262,180,0,8,0,101,,1260,180,0,8,0,76,,1245,180,0,8,0,14,,1246,180,0,8,0,22,,1247,180,0,8,0,71,,1248,180,0,8,0,31,,1249,180,0,8,0,53,,1255,180,0,8,0,25,,1250,180,0,8,0,25,,1251,180,0,8,0,81,,1257,180,0,8,0,100,,1266,180,0,8,0,100,,1269,180,0,8,0,100,,1267,180,0,8,0,100,,1264,180,0,8,0,94,,1268,180,0,8,0,183,,1265,180,0,8,0
15601,'Fête-2-01',556,,1270,240,,,0,86,,1271,240,,,0,60,,1272,240,,,0,30,,1273,240,,,0,72,,1274,250,,,0,25,,1275,250,,,0,26,,1276,250,,,0,76,,1288,250,,,0,97,,1284,250,,,0,100,,1289,250,,,0,100,,1290,250,,,0,99,,1291,250,,,0,102,,1292,250,,,0,100,,1293,250,,,0,80,,1277,250,,,0,17,,1278,250,,,0,24,,1279,250,,,0,71,,1280,250,,,0,29,,1281,250,,,0,77,,1282,250,,,0,26,,1283,250,,,0,78,,1285,250,,,0,97,,1287,250,,,0,99,,1297,250,,,0,100,,1296,250,,,0,96,,1286,240,,,0,98,,1294,240,,,0,120,,1295,240,,,0
15601,'Semaine-01',556,,1298,240,,,0,86,,1299,240,,,0,60,,1300,240,,,0,30,,1301,240,,,0,72,,1302,250,,,0,25,,1303,250,,,0,26,,1304,250,,,0,76,,1316,250,,,0,97,,1312,250,,,0,100,,1317,250,,,0,100,,1318,250,,,0,99,,1319,250,,,0,102,,1320,250,,,0,100,,1321,250,,,0,80,,1305,250,,,0,17,,1306,250,,,0,24,,1307,250,,,0,71,,1308,250,,,0,29,,1309,250,,,0,77,,1310,250,,,0,26,,1311,250,,,0,78,,1313,250,,,0,97,,1315,250,,,0,99,,1325,250,,,0,100,,1324,250,,,0,96,,1314,240,,,0,98,,1322,240,,,0,120,,1323,240,,,0
55200,'Semaine-01',557,,1810,10,,,0,70,,1809,10,,,0,30,,1808,10,,,0,70,,1806,10,,,0,30,,1807,10,,,0
55201,'Semaine-01',1640,,1812,210,4,,0,74,,1811,210,4,,0,30,,1814,210,4,,0,74,,1815,210,4,,0,30,,1813,210,4,,0
