65000,'Week-end-01',530,,1960,10,,,0,120,,1961,10,,,0,160,,1962,10,,,0,120,,1963,10,,,0,120,,1964,10,,,0,160,,1965,10,,,0,120,,1966,10,,,0,120,,1967,10,,,0,160,,1968,10,,,0,120,,1969,10,,,0,120,,1970,10,,,0,160,,1971,10,,,0,120,,1972,10,,,0,120,,1973,10,,,0,160,,1974,10,,,0
65000,'Fête-1-01',530,,1975,10,,,0,120,,1976,10,,,0,160,,1977,10,,,0,120,,1978,10,,,0,120,,1979,10,,,0,160,,1980,10,,,0,120,,1981,10,,,0,120,,1982,10,,,0,160,,1983,10,,,0,120,,1984,10,,,0,120,,1985,10,,,0,160,,1986,10,,,0,120,,1987,10,,,0,120,,1988,10,,,0,160,,1989,10,,,0
65000,'Fête-2-01',450,,1990,10,,,0,80,,1992,10,,,0,100,,1993,10,,,0,80,,1994,10,,,0,40,,1995,10,,,0,80,,1996,10,,,0,80,,1991,10,,,0,20,,2003,10,,,0,80,,1997,10,,,0,20,,2004,10,,,0,80,,1998,10,,,0,20,,2005,10,,,0,80,,1999,10,,,0,20,,2006,10,,,0,80,,2000,10,,,0,20,,2007,10,,,0,80,,2001,10,,,0,20,,2008,10,,,0,20,,2009,10,,,0,60,,2002,10,,,0,40,,2010,10,,,0,80,,2011,10,,,0,80,,2012,10,,,0,100,,2020,10,,,0,100,,2013,10,,,0,100,,2014,10,,,0,100,,2015,10,,,0,100,,2016,10,,,0,110,,2018,10,,,0,80,,2019,10,,,0,40,,2017,10,,,0
65000,'Semaine-01',450,,2021,10,,,0,80,,2023,10,,,0,100,,2024,10,,,0,80,,2025,10,,,0,40,,2026,10,,,0,80,,2027,10,,,0,80,,2022,10,,,0,20,,2034,10,,,0,80,,2028,10,,,0,20,,2035,10,,,0,80,,2029,10,,,0,20,,2036,10,,,0,80,,2030,10,,,0,20,,2037,10,,,0,80,,2031,10,,,0,20,,2038,10,,,0,80,,2032,10,,,0,20,,2039,10,,,0,20,,2040,10,,,0,60,,2033,10,,,0,40,,2041,10,,,0,80,,2042,10,,,0,80,,2043,10,,,0,100,,2051,10,,,0,100,,2044,10,,,0,100,,2045,10,,,0,100,,2046,10,,,0,100,,2047,10,,,0,110,,2049,10,,,0,80,,2050,10,,,0,40,,2048,10,,,0
65001,'Week-end-01',642,,2052,310,4,,0,160,,2053,310,4,,0,120,,2054,310,4,,0,120,,2055,310,4,,0,160,,2056,310,4,,0,120,,2057,310,4,,0,120,,2058,310,4,,0,160,,2059,310,4,,0,120,,2060,310,4,,0,120,,2061,310,4,,0,160,,2062,310,4,,0,119,,2063,310,4,,0,120,,2064,310,4,,0,160,,2065,310,4,,0,120,,2066,310,4,,0
65001,'Fête-1-01',642,,2067,310,4,,0,160,,2068,310,4,,0,120,,2069,310,4,,0,120,,2070,310,4,,0,160,,2071,310,4,,0,120,,2072,310,4,,0,120,,2073,310,4,,0,160,,2074,310,4,,0,120,,2075,310,4,,0,120,,2076,310,4,,0,160,,2077,310,4,,0,119,,2078,310,4,,0,120,,2079,310,4,,0,160,,2080,310,4,,0,120,,2081,310,4,,0
65001,'Fête-2-01',616,,2082,310,4,,0,40,,2084,310,4,,0,100,,2085,310,4,,0,80,,2083,310,4,,0,78,,2086,310,4,,0,40,,2087,310,4,,0,60,,2088,310,4,,0,20,,2089,310,4,,0,20,,2090,310,4,,0,80,,2091,310,4,,0,20,,2092,310,4,,0,80,,2093,310,4,,0,20,,2094,310,4,,0,80,,2095,310,4,,0,20,,2096,310,4,,0,80,,2097,310,4,,0,20,,2098,310,4,,0,83,,2099,310,4,,0,20,,2100,310,4,,0,80,,2101,310,4,,0,80,,2108,310,4,,0,40,,2107,310,4,,0,80,,2102,310,4,,0,78,,2109,310,4,,0,28,,2113,310,4,,0,92,,2103,310,4,,0,100,,2104,310,4,,0,100,,2105,310,4,,0,100,,2106,310,4,,0,100,,2112,310,4,,0,80,,2110,310,4,,0,40,,2111,310,4,,0
65001,'Semaine-01',616,,2114,310,4,,0,40,,2116,310,4,,0,100,,2117,310,4,,0,80,,2115,310,4,,0,78,,2118,310,4,,0,40,,2119,310,4,,0,60,,2120,310,4,,0,20,,2121,310,4,,0,20,,2122,310,4,,0,80,,2123,310,4,,0,20,,2124,310,4,,0,80,,2125,310,4,,0,20,,2126,310,4,,0,80,,2127,310,4,,0,20,,2128,310,4,,0,80,,2129,310,4,,0,20,,2130,310,4,,0,83,,2131,310,4,,0,20,,2132,310,4,,0,80,,2133,310,4,,0,80,,2140,310,4,,0,40,,2139,310,4,,0,80,,2134,310,4,,0,78,,2141,310,4,,0,28,,2145,310,4,,0,92,,2135,310,4,,0,100,,2136,310,4,,0,100,,2137,310,4,,0,100,,2138,310,4,,0,100,,2144,310,4,,0,80,,2142,310,4,,0,40,,2143,310,4,,0
65100,'Week-end-01',610,,2146,10,0,6 7,0,120,,2147,10,0,6 7,0,120,,2148,10,0,6 7,0,160,,2149,10,0,6 7,0,120,,2150,10,0,6 7,0,120,,2151,10,0,6 7,0,160,,2152,10,0,6 7,0,120,,2153,10,0,6 7,0,120,,2154,10,0,6 7,0,160,,2155,10,0,6 7,0,120,,2156,10,0,6 7,0,120,,2157,10,0,6 7,0,160,,2158,10,0,6 7,0,120,,2159,10,0,6 7,0,120,,2160,10,0,6 7,0
65100,'Fête-1-01',610,,2161,10,0,6 7,0,120,,2162,10,0,6 7,0,120,,2163,10,0,6 7,0,160,,2164,10,0,6 7,0,120,,2165,10,0,6 7,0,120,,2166,10,0,6 7,0,160,,2167,10,0,6 7,0,120,,2168,10,0,6 7,0,120,,2169,10,0,6 7,0,160,,2170,10,0,6 7,0,120,,2171,10,0,6 7,0,120,,2172,10,0,6 7,0,160,,2173,10,0,6 7,0,120,,2174,10,0,6 7,0,120,,2175,10,0,6 7,0
65100,'Fête-2-01',550,,2176,10,,,0,300,,2177,10,,,0,100,,2178,10,,,0,100,,2179,10,,,0,100,,2180,10,,,0,100,,2181,10,,,0,100,,2182,10,,,0,400,,2183,10,,,0,100,,2184,10,,,0,100,,2185,10,,,0,100,,2186,10,,,0,100,,2187,10,,,0
65100,'Semaine-01',550,,2188,10,,,0,300,,2189,10,,,0,100,,2190,10,,,0,100,,2191,10,,,0,100,,2192,10,,,0,100,,2193,10,,,0,100,,2194,10,,,0,400,,2195,10,,,0,100,,2196,10,,,0,100,,2197,10,,,0,100,,2198,10,,,0,100,,2199,10,,,0
65101,'Week-end-01',722,,2200,310,4,,0,120,,2201,310,4,,0,160,,2202,310,4,,0,120,,2203,310,4,,0,120,,2204,310,4,,0,160,,2205,310,4,,0,120,,2206,310,4,,0,120,,2207,310,4,,0,160,,2208,310,4,,0,120,,2209,310,4,,0,120,,2210,310,4,,0,160,,2211,310,4,,0,120,,2212,310,4,,0,120,,2213,310,4,,0,160,,2214,310,4,,0
65101,'Fête-1-01',722,,2215,310,4,,0,120,,2216,310,4,,0,160,,2217,310,4,,0,120,,2218,310,4,,0,120,,2219,310,4,,0,160,,2220,310,4,,0,120,,2221,310,4,,0,120,,2222,310,4,,0,160,,2223,310,4,,0,120,,2224,310,4,,0,120,,2225,310,4,,0,160,,2226,310,4,,0,120,,2227,310,4,,0,120,,2228,310,4,,0,160,,2229,310,4,,0
65101,'Fête-2-01',816,,2230,340,4,,0,126,,2242,340,4,,0,172,,2231,340,4,,0,100,,2232,340,4,,0,100,,2233,340,4,,0,100,,2234,340,4,,0,102,,2235,340,4,,0,101,,2236,340,4,,0,398,,2237,340,4,,0,100,,2238,340,4,,0,100,,2239,340,4,,0,100,,2240,340,4,,0,100,,2241,340,4,,0
65101,'Semaine-01',816,,2243,340,4,,0,126,,2255,340,4,,0,172,,2244,340,4,,0,100,,2245,340,4,,0,100,,2246,340,4,,0,100,,2247,340,4,,0,102,,2248,340,4,,0,101,,2249,340,4,,0,398,,2250,340,4,,0,100,,2251,340,4,,0,100,,2252,340,4,,0,100,,2253,340,4,,0,100,,2254,340,4,,0
