13400,'Week-end-01',737,,1,280,4,,0,200,,7,280,4,,0,200,,2,280,4,,0,200,,4,280,4,,0,221,,3,280,4,,0,200,,6,280,4,,0,200,,5,280,4,,0
13400,'Fête-1-01',737,,8,280,4,,0,200,,14,280,4,,0,200,,9,280,4,,0,200,,11,280,4,,0,221,,10,280,4,,0,200,,13,280,4,,0,200,,12,280,4,,0
13400,'Fête-2-01',552,,16,280,4,,0,78,,17,280,4,,0,20,,18,280,4,,0,60,,19,280,4,,0,20,,20,280,4,,0,20,,21,280,4,,0,60,,22,280,4,,0,17,,23,280,4,,0,73,,24,280,4,,0,158,,15,280,4,,0
13400,'Semaine-01',552,,26,280,4,,0,78,,27,280,4,,0,20,,28,280,4,,0,60,,29,280,4,,0,20,,30,280,4,,0,20,,31,280,4,,0,60,,32,280,4,,0,17,,33,280,4,,0,73,,34,280,4,,0,158,,25,280,4,,0
13401,'Week-end-01',740,,35,10,,,0,200,,36,10,,,0,200,,39,10,,,0,200,,41,10,,,0,175,,38,10,,,0,200,,40,10,,,0,200,,37,10,,,0
13401,'Fête-1-01',740,,42,10,,,0,200,,43,10,,,0,200,,46,10,,,0,200,,48,10,,,0,175,,45,10,,,0,200,,47,10,,,0,200,,44,10,,,0
13401,'Fête-2-01',1307,,56,10,,,0,240,,50,10,,,0,57,,49,10,,,0,20,,58,10,,,0,28,,51,10,,,0,52,,52,10,,,0,20,,55,10,,,0,20,,53,10,,,0,80,,54,10,,,0,80,,57,10,,,0
13401,'Semaine-01',1307,,66,10,,,0,240,,60,10,,,0,57,,59,10,,,0,20,,68,10,,,0,28,,61,10,,,0,52,,62,10,,,0,20,,65,10,,,0,20,,63,10,,,0,80,,64,10,,,0,80,,67,10,,,0
55100,'Fête-2-01',706,,1783,10,,,0,7,,1784,10,,,0,105,,1785,10,,,0,98,,1782,10,,,0,618,,1786,10,,,0,100,,1787,10,,,0,100,,1788,10,,,0
55100,'Semaine-01',706,,1790,10,,,0,7,,1791,10,,,0,105,,1792,10,,,0,98,,1789,10,,,0,618,,1793,10,,,0,100,,1794,10,,,0,100,,1795,10,,,0
55101,'Fête-2-01',818,,1796,40,4,,0,9,,1797,40,4,,0,819,,1798,40,4,,0,100,,1799,40,4,,0,100,,1800,40,4,,0
55101,'Semaine-01',818,,1801,40,4,,0,9,,1802,40,4,,0,819,,1803,40,4,,0,100,,1804,40,4,,0,100,,1805,40,4,,0
