13400,'Week-end-01',719,,1,40,,,0,200,,7,40,,,0,200,,2,40,,,0,200,,4,40,,,0,221,,3,40,,,0,200,,6,40,,,0,200,,5,40,,,0
13400,'Fête-1-01',719,,8,40,,,0,200,,14,40,,,0,200,,9,40,,,0,200,,11,40,,,0,221,,10,40,,,0,200,,13,40,,,0,200,,12,40,,,0
13400,'Fête-2-01',532,,16,40,,,0,77,,17,40,,,0,20,,18,40,,,0,20,,19,40,,,0,60,,20,40,,,0,19,,21,40,,,0,20,,22,40,,,0,58,,23,40,,,0,33,,24,40,,,0,198,,15,40,,,0
13400,'Semaine-01',532,,26,40,,,0,77,,27,40,,,0,20,,28,40,,,0,20,,29,40,,,0,60,,30,40,,,0,19,,31,40,,,0,20,,32,40,,,0,58,,33,40,,,0,33,,34,40,,,0,198,,25,40,,,0
13401,'Week-end-01',759,,35,270,,,0,200,,36,270,,,0,200,,39,270,,,0,200,,41,270,,,0,175,,38,270,,,0,200,,40,270,,,0,200,,37,270,,,0
13401,'Fête-1-01',759,,42,270,,,0,200,,43,270,,,0,200,,46,270,,,0,200,,48,270,,,0,175,,45,270,,,0,200,,47,270,,,0,200,,44,270,,,0
13401,'Fête-2-01',1327,,56,270,,,0,281,,50,270,,,0,19,,49,270,,,0,20,,58,270,,,0,68,,51,270,,,0,12,,52,270,,,0,20,,55,270,,,0,58,,53,270,,,0,40,,54,270,,,0,80,,57,270,,,0
13401,'Semaine-01',1327,,66,270,,,0,281,,60,270,,,0,19,,59,270,,,0,20,,68,270,,,0,68,,61,270,,,0,12,,62,270,,,0,20,,65,270,,,0,58,,63,270,,,0,40,,64,270,,,0,80,,67,270,,,0
45700,'Fête-2-01',640,,1577,40,,,0,88,,1576,40,,,0
45700,'Semaine-01',640,,1579,40,,,0,88,,1578,40,,,0
45701,'Fête-2-01',1702,,1580,190,,,0,100,,1581,190,,,0
45701,'Semaine-01',1702,,1582,190,,,0,100,,1583,190,,,0
