14201,'Fête-2-01',504,,392,30,,,0,20,,388,30,,,0,20,,394,30,,,0,60,,391,30,,,0,20,,396,30,,,0,20,,390,30,,,0,60,,395,30,,,0,20,,389,30,,,0,22,,385,30,,,0,59,,387,30,,,0,19,,386,30,,,0,20,,393,30,,,0,93,,398,30,,,0,100,,409,30,,,0,100,,410,30,,,0,100,,411,30,,,0,100,,412,30,,,0,100,,413,30,,,0,100,,414,30,,,0,18,,399,30,,,0,60,,400,30,,,0,20,,401,30,,,0,20,,402,30,,,0,60,,403,30,,,0,20,,404,30,,,0,20,,405,30,,,0,60,,406,30,,,0,20,,407,30,,,0,18,,408,30,,,0,63,,384,30,,,0,21,,416,30,,,0,100,,417,30,,,0,100,,418,30,,,0,100,,419,30,,,0,97,,420,30,,,0,175,,415,30,,,0
14201,'Semaine-01',504,,429,30,,,0,20,,425,30,,,0,20,,431,30,,,0,60,,428,30,,,0,20,,433,30,,,0,20,,427,30,,,0,60,,432,30,,,0,20,,426,30,,,0,22,,422,30,,,0,59,,424,30,,,0,19,,423,30,,,0,20,,430,30,,,0,93,,435,30,,,0,100,,446,30,,,0,100,,447,30,,,0,100,,448,30,,,0,100,,449,30,,,0,100,,450,30,,,0,100,,451,30,,,0,18,,436,30,,,0,60,,437,30,,,0,20,,438,30,,,0,20,,439,30,,,0,60,,440,30,,,0,20,,441,30,,,0,20,,442,30,,,0,60,,443,30,,,0,20,,444,30,,,0,18,,445,30,,,0,63,,421,30,,,0,21,,453,30,,,0,100,,454,30,,,0,100,,455,30,,,0,100,,456,30,,,0,97,,457,30,,,0,175,,452,30,,,0
65001,'Week-end-01',633,,2052,200,,,0,120,,2053,200,,,0,160,,2054,200,,,0,120,,2055,200,,,0,120,,2056,200,,,0,160,,2057,200,,,0,120,,2058,200,,,0,120,,2059,200,,,0,160,,2060,200,,,0,120,,2061,200,,,0,120,,2062,200,,,0,160,,2063,200,,,0,120,,2064,200,,,0,120,,2065,200,,,0,160,,2066,200,,,0
65001,'Fête-1-01',633,,2067,200,,,0,120,,2068,200,,,0,160,,2069,200,,,0,120,,2070,200,,,0,120,,2071,200,,,0,160,,2072,200,,,0,120,,2073,200,,,0,120,,2074,200,,,0,160,,2075,200,,,0,120,,2076,200,,,0,120,,2077,200,,,0,160,,2078,200,,,0,120,,2079,200,,,0,120,,2080,200,,,0,160,,2081,200,,,0
65001,'Fête-2-01',606,,2082,200,,,0,40,,2084,200,,,0,100,,2085,200,,,0,80,,2083,200,,,0,79,,2086,200,,,0,40,,2087,200,,,0,60,,2088,200,,,0,20,,2089,200,,,0,20,,2090,200,,,0,80,,2091,200,,,0,20,,2092,200,,,0,80,,2093,200,,,0,20,,2094,200,,,0,80,,2095,200,,,0,20,,2096,200,,,0,80,,2097,200,,,0,20,,2098,200,,,0,82,,2099,200,,,0,20,,2100,200,,,0,80,,2101,200,,,0,80,,2108,200,,,0,40,,2107,200,,,0,80,,2102,200,,,0,79,,2109,200,,,0,28,,2113,200,,,0,92,,2103,200,,,0,100,,2104,200,,,0,100,,2105,200,,,0,100,,2106,200,,,0,100,,2112,200,,,0,80,,2110,200,,,0,40,,2111,200,,,0
65001,'Semaine-01',606,,2114,200,,,0,40,,2116,200,,,0,100,,2117,200,,,0,80,,2115,200,,,0,79,,2118,200,,,0,40,,2119,200,,,0,60,,2120,200,,,0,20,,2121,200,,,0,20,,2122,200,,,0,80,,2123,200,,,0,20,,2124,200,,,0,80,,2125,200,,,0,20,,2126,200,,,0,80,,2127,200,,,0,20,,2128,200,,,0,80,,2129,200,,,0,20,,2130,200,,,0,82,,2131,200,,,0,20,,2132,200,,,0,80,,2133,200,,,0,80,,2140,200,,,0,40,,2139,200,,,0,80,,2134,200,,,0,79,,2141,200,,,0,28,,2145,200,,,0,92,,2135,200,,,0,100,,2136,200,,,0,100,,2137,200,,,0,100,,2138,200,,,0,100,,2144,200,,,0,80,,2142,200,,,0,40,,2143,200,,,0
65101,'Week-end-01',713,,2200,200,,,0,120,,2201,200,,,0,120,,2202,200,,,0,160,,2203,200,,,0,120,,2204,200,,,0,120,,2205,200,,,0,160,,2206,200,,,0,120,,2207,200,,,0,120,,2208,200,,,0,160,,2209,200,,,0,120,,2210,200,,,0,120,,2211,200,,,0,160,,2212,200,,,0,120,,2213,200,,,0,120,,2214,200,,,0
65101,'Fête-1-01',713,,2215,200,,,0,120,,2216,200,,,0,120,,2217,200,,,0,160,,2218,200,,,0,120,,2219,200,,,0,120,,2220,200,,,0,160,,2221,200,,,0,120,,2222,200,,,0,120,,2223,200,,,0,160,,2224,200,,,0,120,,2225,200,,,0,120,,2226,200,,,0,160,,2227,200,,,0,120,,2228,200,,,0,120,,2229,200,,,0
65101,'Fête-2-01',806,,2230,230,,,0,127,,2242,230,,,0,172,,2231,230,,,0,100,,2232,230,,,0,100,,2233,230,,,0,100,,2234,230,,,0,101,,2235,230,,,0,101,,2236,230,,,0,399,,2237,230,,,0,100,,2238,230,,,0,100,,2239,230,,,0,100,,2240,230,,,0,100,,2241,230,,,0
65101,'Semaine-01',806,,2243,230,,,0,127,,2255,230,,,0,172,,2244,230,,,0,100,,2245,230,,,0,100,,2246,230,,,0,100,,2247,230,,,0,101,,2248,230,,,0,101,,2249,230,,,0,399,,2250,230,,,0,100,,2251,230,,,0,100,,2252,230,,,0,100,,2253,230,,,0,100,,2254,230,,,0
