14201,'Fête-2-01',505,,392,60,,,0,20,,388,60,,,0,20,,394,60,,,0,60,,391,60,,,0,20,,396,60,,,0,20,,390,60,,,0,60,,395,60,,,0,20,,389,60,,,0,22,,385,60,,,0,59,,387,60,,,0,19,,386,60,,,0,20,,393,60,,,0,93,,398,60,,,0,100,,409,60,,,0,100,,410,60,,,0,100,,411,60,,,0,100,,412,60,,,0,100,,413,60,,,0,100,,414,60,,,0,18,,399,60,,,0,60,,400,60,,,0,20,,401,60,,,0,20,,402,60,,,0,60,,403,60,,,0,20,,404,60,,,0,20,,405,60,,,0,60,,406,60,,,0,20,,407,60,,,0,18,,408,60,,,0,63,,384,60,,,0,21,,416,60,,,0,100,,417,60,,,0,100,,418,60,,,0,100,,419,60,,,0,97,,420,60,,,0,175,,415,60,,,0
14201,'Semaine-01',505,,429,60,,,0,20,,425,60,,,0,20,,431,60,,,0,60,,428,60,,,0,20,,433,60,,,0,20,,427,60,,,0,60,,432,60,,,0,20,,426,60,,,0,22,,422,60,,,0,59,,424,60,,,0,19,,423,60,,,0,20,,430,60,,,0,93,,435,60,,,0,100,,446,60,,,0,100,,447,60,,,0,100,,448,60,,,0,100,,449,60,,,0,100,,450,60,,,0,100,,451,60,,,0,18,,436,60,,,0,60,,437,60,,,0,20,,438,60,,,0,20,,439,60,,,0,60,,440,60,,,0,20,,441,60,,,0,20,,442,60,,,0,60,,443,60,,,0,20,,444,60,,,0,18,,445,60,,,0,63,,421,60,,,0,21,,453,60,,,0,100,,454,60,,,0,100,,455,60,,,0,100,,456,60,,,0,97,,457,60,,,0,175,,452,60,,,0
55301,'Semaine-01',1639,,1823,50,,,0,70,,1821,50,,,0,30,,1824,50,,,0,70,,1822,50,,,0,30,,1825,50,,,0
65001,'Week-end-01',635,,2052,230,,,0,120,,2053,230,,,0,160,,2054,230,,,0,120,,2055,230,,,0,120,,2056,230,,,0,160,,2057,230,,,0,120,,2058,230,,,0,120,,2059,230,,,0,160,,2060,230,,,0,120,,2061,230,,,0,120,,2062,230,,,0,160,,2063,230,,,0,120,,2064,230,,,0,120,,2065,230,,,0,160,,2066,230,,,0
65001,'Fête-1-01',635,,2067,230,,,0,120,,2068,230,,,0,160,,2069,230,,,0,120,,2070,230,,,0,120,,2071,230,,,0,160,,2072,230,,,0,120,,2073,230,,,0,120,,2074,230,,,0,160,,2075,230,,,0,120,,2076,230,,,0,120,,2077,230,,,0,160,,2078,230,,,0,120,,2079,230,,,0,120,,2080,230,,,0,160,,2081,230,,,0
65001,'Fête-2-01',608,,2082,230,,,0,40,,2084,230,,,0,100,,2085,230,,,0,80,,2083,230,,,0,79,,2086,230,,,0,40,,2087,230,,,0,60,,2088,230,,,0,20,,2089,230,,,0,20,,2090,230,,,0,80,,2091,230,,,0,20,,2092,230,,,0,80,,2093,230,,,0,20,,2094,230,,,0,80,,2095,230,,,0,20,,2096,230,,,0,80,,2097,230,,,0,20,,2098,230,,,0,82,,2099,230,,,0,20,,2100,230,,,0,80,,2101,230,,,0,80,,2108,230,,,0,40,,2107,230,,,0,80,,2102,230,,,0,79,,2109,230,,,0,28,,2113,230,,,0,92,,2103,230,,,0,100,,2104,230,,,0,100,,2105,230,,,0,100,,2106,230,,,0,100,,2112,230,,,0,80,,2110,230,,,0,40,,2111,230,,,0
65001,'Semaine-01',608,,2114,230,,,0,40,,2116,230,,,0,100,,2117,230,,,0,80,,2115,230,,,0,79,,2118,230,,,0,40,,2119,230,,,0,60,,2120,230,,,0,20,,2121,230,,,0,20,,2122,230,,,0,80,,2123,230,,,0,20,,2124,230,,,0,80,,2125,230,,,0,20,,2126,230,,,0,80,,2127,230,,,0,20,,2128,230,,,0,80,,2129,230,,,0,20,,2130,230,,,0,82,,2131,230,,,0,20,,2132,230,,,0,80,,2133,230,,,0,80,,2140,230,,,0,40,,2139,230,,,0,80,,2134,230,,,0,79,,2141,230,,,0,28,,2145,230,,,0,92,,2135,230,,,0,100,,2136,230,,,0,100,,2137,230,,,0,100,,2138,230,,,0,100,,2144,230,,,0,80,,2142,230,,,0,40,,2143,230,,,0
65101,'Week-end-01',715,,2200,230,,,0,120,,2201,230,,,0,120,,2202,230,,,0,160,,2203,230,,,0,120,,2204,230,,,0,120,,2205,230,,,0,160,,2206,230,,,0,120,,2207,230,,,0,120,,2208,230,,,0,160,,2209,230,,,0,120,,2210,230,,,0,120,,2211,230,,,0,160,,2212,230,,,0,120,,2213,230,,,0,120,,2214,230,,,0
65101,'Fête-1-01',715,,2215,230,,,0,120,,2216,230,,,0,120,,2217,230,,,0,160,,2218,230,,,0,120,,2219,230,,,0,120,,2220,230,,,0,160,,2221,230,,,0,120,,2222,230,,,0,120,,2223,230,,,0,160,,2224,230,,,0,120,,2225,230,,,0,120,,2226,230,,,0,160,,2227,230,,,0,120,,2228,230,,,0,120,,2229,230,,,0
65101,'Fête-2-01',808,,2230,260,,,0,127,,2242,260,,,0,172,,2231,260,,,0,100,,2232,260,,,0,100,,2233,260,,,0,100,,2234,260,,,0,101,,2235,260,,,0,101,,2236,260,,,0,399,,2237,260,,,0,100,,2238,260,,,0,100,,2239,260,,,0,100,,2240,260,,,0,100,,2241,260,,,0
65101,'Semaine-01',808,,2243,260,,,0,127,,2255,260,,,0,172,,2244,260,,,0,100,,2245,260,,,0,100,,2246,260,,,0,100,,2247,260,,,0,101,,2248,260,,,0,101,,2249,260,,,0,399,,2250,260,,,0,100,,2251,260,,,0,100,,2252,260,,,0,100,,2253,260,,,0,100,,2254,260,,,0
