13401,'Week-end-01',741,,35,20,,,0,200,,36,20,,,0,200,,39,20,,,0,200,,41,20,,,0,175,,38,20,,,0,200,,40,20,,,0,200,,37,20,,,0
13401,'Fête-1-01',741,,42,20,,,0,200,,43,20,,,0,200,,46,20,,,0,200,,48,20,,,0,175,,45,20,,,0,200,,47,20,,,0,200,,44,20,,,0
13401,'Fête-2-01',1308,,56,20,,,0,240,,50,20,,,0,57,,49,20,,,0,20,,58,20,,,0,28,,51,20,,,0,52,,52,20,,,0,20,,55,20,,,0,20,,53,20,,,0,80,,54,20,,,0,80,,57,20,,,0
13401,'Semaine-01',1308,,66,20,,,0,240,,60,20,,,0,57,,59,20,,,0,20,,68,20,,,0,28,,61,20,,,0,52,,62,20,,,0,20,,65,20,,,0,20,,63,20,,,0,80,,64,20,,,0,80,,67,20,,,0
14301,'Fête-2-01',913,,506,20,,,0,100,,495,20,,,0,100,,496,20,,,0,100,,497,20,,,0,100,,498,20,,,0,100,,499,20,,,0,100,,500,20,,,0,37,,507,20,,,0,62,,484,20,,,0,17,,485,20,,,0,20,,486,20,,,0,60,,487,20,,,0,20,,488,20,,,0,20,,489,20,,,0,60,,490,20,,,0,20,,491,20,,,0,21,,492,20,,,0,63,,504,20,,,0,100,,505,20,,,0,100,,501,20,,,0,100,,493,20,,,0,100,,502,20,,,0,116,,494,20,,,0,120,,503,20,,,0
14301,'Semaine-01',913,,530,20,,,0,100,,519,20,,,0,100,,520,20,,,0,100,,521,20,,,0,100,,522,20,,,0,100,,523,20,,,0,100,,524,20,,,0,37,,531,20,,,0,62,,508,20,,,0,17,,509,20,,,0,20,,510,20,,,0,60,,511,20,,,0,20,,512,20,,,0,20,,513,20,,,0,60,,514,20,,,0,20,,515,20,,,0,21,,516,20,,,0,63,,528,20,,,0,100,,529,20,,,0,100,,525,20,,,0,100,,517,20,,,0,100,,526,20,,,0,116,,518,20,,,0,120,,527,20,,,0
14601,'Fête-2-01',533,,730,20,,,0,82,,731,20,,,0,17,,732,20,,,0,71,,733,20,,,0,34,,734,20,,,0,66,,735,20,,,0,20,,736,20,,,0,85,,747,20,,,0,100,,748,20,,,0,100,,749,20,,,0,100,,750,20,,,0,100,,751,20,,,0,100,,752,20,,,0,101,,753,20,,,0,94,,737,20,,,0,19,,738,20,,,0,21,,739,20,,,0,58,,744,20,,,0,13,,740,20,,,0,13,,745,20,,,0,17,,741,20,,,0,57,,746,20,,,0,21,,742,20,,,0,25,,743,20,,,0,62,,754,20,,,0,100,,755,20,,,0,100,,756,20,,,0,100,,757,20,,,0,100,,758,20,,,0,120,,759,20,,,0,100,,760,20,,,0
14601,'Semaine-01',533,,761,20,,,0,82,,762,20,,,0,17,,763,20,,,0,71,,764,20,,,0,34,,765,20,,,0,66,,766,20,,,0,20,,767,20,,,0,85,,778,20,,,0,100,,779,20,,,0,100,,780,20,,,0,100,,781,20,,,0,100,,782,20,,,0,100,,783,20,,,0,101,,784,20,,,0,94,,768,20,,,0,19,,769,20,,,0,21,,770,20,,,0,58,,775,20,,,0,13,,771,20,,,0,13,,776,20,,,0,17,,772,20,,,0,57,,777,20,,,0,21,,773,20,,,0,25,,774,20,,,0,62,,785,20,,,0,100,,786,20,,,0,100,,787,20,,,0,100,,788,20,,,0,100,,789,20,,,0,120,,790,20,,,0,100,,791,20,,,0
14701,'Fête-2-01',536,,853,20,,,0,82,,854,20,,,0,20,,855,20,,,0,71,,856,20,,,0,17,,852,20,,,0,14,,857,20,,,0,66,,858,20,,,0,25,,859,20,,,0,97,,870,20,,,0,100,,871,20,,,0,100,,872,20,,,0,100,,873,20,,,0,100,,874,20,,,0,100,,875,20,,,0,100,,876,20,,,0,27,,860,20,,,0,70,,861,20,,,0,21,,862,20,,,0,58,,867,20,,,0,13,,863,20,,,0,14,,868,20,,,0,16,,864,20,,,0,57,,869,20,,,0,21,,865,20,,,0,25,,866,20,,,0,78,,877,20,,,0,101,,878,20,,,0,100,,879,20,,,0,100,,880,20,,,0,100,,881,20,,,0,180,,882,20,,,0
14701,'Semaine-01',536,,884,20,,,0,82,,885,20,,,0,20,,886,20,,,0,71,,887,20,,,0,17,,883,20,,,0,14,,888,20,,,0,66,,889,20,,,0,25,,890,20,,,0,97,,901,20,,,0,100,,902,20,,,0,100,,903,20,,,0,100,,904,20,,,0,100,,905,20,,,0,100,,906,20,,,0,100,,907,20,,,0,27,,891,20,,,0,70,,892,20,,,0,21,,893,20,,,0,58,,898,20,,,0,13,,894,20,,,0,14,,899,20,,,0,16,,895,20,,,0,57,,900,20,,,0,21,,896,20,,,0,25,,897,20,,,0,78,,908,20,,,0,101,,909,20,,,0,100,,910,20,,,0,100,,911,20,,,0,100,,912,20,,,0,180,,913,20,,,0
45400,'Semaine-01',610,,1554,10,,,0,30,,1555,10,,,0,70,,1552,10,,,0,30,,1553,10,,,0
