14500,'Fête-2-01',617,,638,150,4,,0,98,,639,150,4,,0,100,,641,150,4,,0,736,,640,150,4,,0,70,,634,150,4,,0,30,,637,150,4,,0,70,,635,150,4,,0,30,,636,150,4,,0
14500,'Semaine-01',617,,646,150,4,,0,98,,647,150,4,,0,100,,649,150,4,,0,736,,648,150,4,,0,70,,642,150,4,,0,30,,645,150,4,,0,70,,643,150,4,,0,30,,644,150,4,,0
14501,'Fête-2-01',548,,654,90,,,0,98,,655,90,,,0,70,,650,90,,,0,30,,656,90,,,0,70,,651,90,,,0,703,,657,90,,,0,100,,652,90,,,0,100,,653,90,,,0
14501,'Semaine-01',548,,662,90,,,0,98,,663,90,,,0,70,,658,90,,,0,30,,664,90,,,0,70,,659,90,,,0,703,,665,90,,,0,100,,660,90,,,0,100,,661,90,,,0
15700,'Fête-2-01',602,,1331,10,,,0,18,,1331,170,4,,0,2,,1332,10,,,0,18,,1332,170,4,,0,2,,1333,10,,,0,58,,1333,170,4,,0,2,,1334,10,,,0,18,,1334,170,4,,0,2,,1335,10,,,0,18,,1335,170,4,,0,12,,1336,10,,,0,58,,1336,170,4,,0,820,,1337,10,,,0,18,,1337,170,4,,0,2,,1330,10,,,0,58,,1330,170,4,,0,5,,1327,10,,,0,18,,1327,170,4,,0,2,,1326,10,,,0,18,,1326,170,4,,0,6,,1328,10,,,0,58,,1328,170,4,,0,2,,1329,10,,,0,18,,1329,170,4,,0
15700,'Semaine-01',602,,1343,10,,,0,18,,1343,170,4,,0,2,,1344,10,,,0,18,,1344,170,4,,0,2,,1345,10,,,0,58,,1345,170,4,,0,2,,1346,10,,,0,18,,1346,170,4,,0,2,,1347,10,,,0,18,,1347,170,4,,0,12,,1348,10,,,0,58,,1348,170,4,,0,820,,1349,10,,,0,18,,1349,170,4,,0,2,,1342,10,,,0,58,,1342,170,4,,0,5,,1339,10,,,0,18,,1339,170,4,,0,2,,1338,10,,,0,18,,1338,170,4,,0,6,,1340,10,,,0,58,,1340,170,4,,0,2,,1341,10,,,0,18,,1341,170,4,,0
15800,'Fête-2-01',1247,,1350,160,4,,0,298,,1353,160,4,,0,70,,1354,160,4,,0,30,,1352,160,4,,0,70,,1351,160,4,,0
15800,'Semaine-01',1247,,1355,160,4,,0,298,,1358,160,4,,0,70,,1359,160,4,,0,30,,1357,160,4,,0,70,,1356,160,4,,0
15801,'Fête-2-01',630,,1364,10,,,0,70,,1363,10,,,0,30,,1362,10,,,0,70,,1360,10,,,0,417,,1361,10,,,0
15801,'Semaine-01',630,,1369,10,,,0,70,,1368,10,,,0,30,,1367,10,,,0,70,,1365,10,,,0,417,,1366,10,,,0
