14001,'Week-end-01',702,,97,390,,,0,40,,98,390,,,0,80,,99,390,,,0,80,,100,390,,,0,40,,101,390,,,0,80,,102,390,,,0,80,,103,390,,,0,40,,104,390,,,0,80,,105,390,,,0,80,,106,390,,,0,37,,107,390,,,0,77,,108,390,,,0,37,,109,390,,,0,77,,110,390,,,0,79,,111,390,,,0,39,,112,390,,,0,81,,113,390,,,0,79,,114,390,,,0,40,,115,390,,,0
14001,'Fête-1-01',702,,116,390,,,0,40,,117,390,,,0,80,,118,390,,,0,80,,119,390,,,0,40,,120,390,,,0,80,,121,390,,,0,80,,122,390,,,0,40,,123,390,,,0,80,,124,390,,,0,80,,125,390,,,0,37,,126,390,,,0,77,,127,390,,,0,37,,128,390,,,0,77,,129,390,,,0,79,,130,390,,,0,39,,131,390,,,0,81,,132,390,,,0,79,,133,390,,,0,40,,134,390,,,0
14001,'Fête-2-01',507,,180,390,,,0,48,,135,390,,,0,72,,136,390,,,0,14,,137,390,,,0,14,,138,390,,,0,55,,139,390,,,0,16,,140,390,,,0,15,,141,390,,,0,15,,142,390,,,0,54,,143,390,,,0,16,,144,390,,,0,15,,145,390,,,0,15,,146,390,,,0,55,,147,390,,,0,31,,148,390,,,0,80,,149,390,,,0,80,,150,390,,,0,39,,151,390,,,0,81,,152,390,,,0,80,,153,390,,,0,40,,154,390,,,0,80,,155,390,,,0,80,,156,390,,,0,42,,157,390,,,0,82,,158,390,,,0,14,,159,390,,,0,15,,160,390,,,0,55,,161,390,,,0,15,,162,390,,,0,15,,163,390,,,0,15,,164,390,,,0,55,,165,390,,,0,15,,166,390,,,0,15,,167,390,,,0,15,,168,390,,,0,54,,169,390,,,0,14,,170,390,,,0,14,,171,390,,,0,64,,172,390,,,0,40,,173,390,,,0,80,,174,390,,,0,80,,175,390,,,0,40,,176,390,,,0,80,,177,390,,,0,80,,178,390,,,0,120,,179,390,,,0
14001,'Semaine-01',507,,227,390,,,0,48,,181,390,,,0,72,,182,390,,,0,14,,183,390,,,0,14,,184,390,,,0,55,,185,390,,,0,16,,186,390,,,0,15,,187,390,,,0,15,,188,390,,,0,54,,189,390,,,0,16,,190,390,,,0,15,,191,390,,,0,15,,192,390,,,0,55,,226,230,,,0,31,,194,390,,,0,80,,195,390,,,0,80,,196,390,,,0,39,,197,390,,,0,81,,198,390,,,0,80,,199,390,,,0,40,,200,390,,,0,80,,201,390,,,0,80,,202,390,,,0,42,,203,390,,,0,82,,204,390,,,0,14,,205,390,,,0,15,,206,390,,,0,55,,207,390,,,0,15,,208,390,,,0,15,,209,390,,,0,15,,210,390,,,0,55,,211,390,,,0,15,,212,390,,,0,15,,213,390,,,0,15,,214,390,,,0,54,,215,390,,,0,14,,216,390,,,0,14,,217,390,,,0,64,,218,390,,,0,40,,219,390,,,0,80,,220,390,,,0,80,,221,390,,,0,40,,222,390,,,0,80,,223,390,,,0,80,,224,390,,,0,120,,225,390,,,0
14400,'Week-end-01',824,,532,120,,,0,200,,533,120,,,0,200,,534,120,,,0,221,,535,120,,,0,200,,536,120,,,0,200,,537,120,,,0
14400,'Fête-1-01',824,,538,120,,,0,200,,539,120,,,0,200,,540,120,,,0,221,,541,120,,,0,200,,542,120,,,0,200,,543,120,,,0
14400,'Fête-2-01',545,,547,120,,,0,72,,559,120,,,0,41,,560,120,,,0,83,,561,120,,,0,76,,562,120,,,0,84,,557,120,,,0,39,,552,120,,,0,160,,553,120,,,0,120,,554,120,,,0,122,,555,120,,,0,160,,556,120,,,0,120,,544,120,,,0,80,,548,120,,,0,40,,545,120,,,0,80,,546,120,,,0,80,,558,120,,,0,38,,551,120,,,0,160,,550,120,,,0,120,,549,120,,,0
14400,'Semaine-01',545,,566,120,,,0,72,,578,120,,,0,41,,579,120,,,0,83,,580,120,,,0,76,,581,120,,,0,84,,576,120,,,0,39,,571,120,,,0,160,,572,120,,,0,120,,573,120,,,0,122,,574,120,,,0,160,,575,120,,,0,120,,563,120,,,0,80,,567,120,,,0,40,,564,120,,,0,80,,565,120,,,0,80,,577,120,,,0,38,,570,120,,,0,160,,569,120,,,0,120,,568,120,,,0
35201,'Week-end-01',707,,1474,140,,,0,117,,1475,140,,,0,120,,1476,140,,,0,280,,1479,140,,,0,280,,1480,140,,,0,240,,1481,140,,,0,480,,1478,140,,,0,203,,1477,140,,,0
35201,'Fête-1-01',707,,1482,140,,,0,117,,1483,140,,,0,120,,1484,140,,,0,280,,1487,140,,,0,280,,1488,140,,,0,240,,1489,140,,,0,480,,1486,140,,,0,203,,1485,140,,,0
35201,'Fête-2-01',632,,1490,140,,,0,20,,1491,140,,,0,60,,1492,140,,,0,90,,1493,140,,,0,124,,1494,140,,,0,120,,1495,140,,,0,160,,1496,140,,,0,200,,1497,140,,,0,226,,1498,140,,,0,395,,1499,140,,,0,200,,1500,140,,,0,110,,1501,140,,,0
35201,'Semaine-01',632,,1502,140,,,0,20,,1503,140,,,0,60,,1504,140,,,0,90,,1505,140,,,0,124,,1506,140,,,0,120,,1507,140,,,0,160,,1508,140,,,0,200,,1509,140,,,0,226,,1510,140,,,0,395,,1511,140,,,0,200,,1512,140,,,0,110,,1513,140,,,0
45001,'Semaine-01',1635,,1520,140,,,0,70,,1523,140,,,0,30,,1521,140,,,0,70,,1522,140,,,0,30,,1519,140,,,0
