1100,75640,1,0
1100,75258,2,0
1100,75259,3,0
1100,75267,4,0
1100,75269,5,0
1100,75271,6,0
1100,75291,7,0
1100,75022,8,0
1100,75265,9,0
1100,75289,10,0
1100,75279,11,0
1100,75285,12,0
1100,75304,13,0
1100,75021,14,0
1100,75025,15,0
1100,75026,16,0
1100,75274,17,0
1100,75297,18,0
1100,75331,19,0
1100,75305,20,0
1100,75317,21,0
1100,75283,22,0
1100,75300,23,1
1101,75299,1,0
1101,75282,2,0
1101,75333,3,0
1101,75305,4,0
1101,75317,5,0
1101,75301,6,0
1101,75273,7,0
1101,75027,8,0
1101,75028,9,0
1101,75029,10,0
1101,75303,11,0
1101,75284,12,0
1101,75280,13,0
1101,75288,14,0
1101,75272,15,0
1101,75020,16,0
1101,75281,17,0
1101,75270,18,0
1101,75268,19,0
1101,75266,20,0
1101,75258,21,0
1101,75259,22,0
1101,75640,23,1
2100,75140,1,0
2100,75180,2,0
2100,75175,3,0
2100,75214,4,0
2100,75402,5,0
2100,75217,6,0
2100,75167,7,0
2100,75152,8,0
2100,75219,9,0
2100,75404,10,0
2100,75194,11,0
2100,75195,12,0
2100,75053,13,0
2100,75243,14,0
2100,75177,15,0
2100,75158,16,0
2100,75221,17,0
2100,75156,18,0
2100,75399,19,0
2100,75229,20,0
2100,75400,21,0
2100,75166,22,0
2100,75169,23,0
2100,75231,24,0
2100,75150,25,0
2100,75155,26,0
2100,75182,27,0
2100,75183,28,0
2100,75247,29,0
2100,75249,30,0
2100,75235,31,1
2101,75140,1,0
2101,75236,2,0
2101,75234,3,0
2101,75248,4,0
2101,75213,5,0
2101,75146,6,0
2101,75160,7,0
2101,75154,8,0
2101,75232,9,0
2101,75170,10,0
2101,75163,11,0
2101,75152,12,0
2101,75219,13,0
2101,75404,14,0
2101,75194,15,0
2101,75195,16,0
2101,75053,17,0
2101,75243,18,0
2101,75177,19,0
2101,75158,20,0
2101,75221,21,0
2101,75156,22,0
2101,75399,23,0
2101,75229,24,0
2101,75400,25,0
2101,75168,26,0
2101,75218,27,0
2101,75149,28,0
2101,75216,29,0
2101,75174,30,0
2101,75181,31,1
2201,75140,1,0
2201,75180,2,0
2201,75172,3,0
2201,75134,4,0
2201,75132,5,0
2201,75207,6,0
2201,75227,7,0
2201,75186,8,0
2201,75211,9,0
2201,75116,10,0
2201,75118,11,0
2201,75120,12,0
2201,75121,13,0
2201,75123,14,0
2201,75125,15,0
2201,75129,16,0
2201,75206,17,0
2201,75131,18,0
2201,75133,19,0
2201,75185,20,0
2201,75135,21,0
2201,75136,22,0
2201,75137,23,0
2201,75138,24,0
2201,75181,25,1
2300,75140,1,0
2300,75180,2,0
2300,75175,3,0
2300,75214,4,0
2300,75402,5,0
2300,75217,6,0
2300,75167,7,0
2300,75152,8,0
2300,75219,9,0
2300,75164,10,0
2300,75193,11,0
2300,75192,12,0
2300,75196,13,0
2300,75437,14,0
2300,75410,15,0
2300,75411,16,0
2300,75434,17,0
2300,75413,18,0
2300,75472,19,0
2300,75469,20,0
2300,75467,21,0
2300,75254,22,0
2300,75110,23,0
2300,75111,24,0
2300,75112,25,0
2300,75226,26,0
2300,75205,27,0
2300,75131,28,0
2300,75133,29,0
2300,75171,30,0
2300,75181,31,1
2800,75140,1,0
2800,75180,2,0
2800,75172,3,0
2800,75388,4,0
2800,75390,5,0
2800,75391,6,0
2800,75392,7,0
2800,75393,8,0
2800,75394,9,0
2800,75132,10,0
2800,75208,11,0
2800,75130,12,0
2800,75126,13,0
2800,75124,14,0
2800,75122,15,0
2800,75119,16,0
2800,75117,17,0
2800,75115,18,0
2800,75395,19,0
2800,75474,20,0
2800,75475,21,0
2800,75476,22,0
2800,75201,23,0
2800,75189,24,0
2800,75396,25,0
2800,75242,26,0
2800,75397,27,0
2800,75470,28,0
2800,75471,29,0
2800,75417,30,0
2800,75418,31,0
2800,75419,32,0
2800,75435,33,0
2800,75398,34,0
2800,75184,35,0
2800,75203,36,0
2800,75245,37,0
2800,75399,38,0
2800,75400,39,0
2800,75166,40,0
2800,75169,41,0
2800,75231,42,0
2800,75150,43,0
2800,75155,44,0
2800,75182,45,0
2800,75183,46,0
2800,75247,47,0
2800,75249,48,0
2800,75235,49,1
2900,75140,1,0
2900,75236,2,0
2900,75234,3,0
2900,75248,4,0
2900,75213,5,0
2900,75146,6,0
2900,75160,7,0
2900,75154,8,0
2900,75232,9,0
2900,75170,10,0
2900,75163,11,0
2900,75223,12,0
2900,75152,13,0
2900,75219,14,0
2900,75220,15,0
2900,75157,16,0
2900,75239,17,0
2900,75241,18,0
2900,75164,19,0
2900,75193,20,0
2900,75192,21,0
2900,75196,22,0
2900,75410,23,0
2900,75411,24,0
2900,75434,25,0
2900,75413,26,0
2900,75472,27,0
2900,75469,28,0
2900,75467,29,0
2900,75414,30,0
2900,75415,31,0
2900,75186,32,0
2900,75211,33,0
2900,75116,34,0
2900,75118,35,0
2900,75120,36,0
2900,75121,37,0
2900,75123,38,0
2900,75125,39,0
2900,75129,40,0
2900,75206,41,0
2900,75131,42,0
2900,75133,43,0
2900,75185,44,0
2900,75135,45,0
2900,75136,46,0
2900,75137,47,0
2900,75138,48,0
2900,75181,49,1
3100,75640,1,0
3100,75103,2,0
3100,75078,3,0
3100,75061,4,0
3100,75057,5,0
3100,75222,6,0
3100,75161,7,0
3100,75228,8,0
3100,75239,9,0
3100,75241,10,0
3100,75164,11,0
3100,75193,12,0
3100,75192,13,0
3100,75196,14,0
3100,75237,15,0
3100,75165,16,0
3100,75043,17,0
3100,75082,18,0
3100,75081,19,0
3100,75085,20,0
3100,75070,21,0
3100,75059,22,0
3100,75068,23,0
3100,75084,24,0
3100,75064,25,0
3100,75063,26,0
3100,75094,27,0
3100,75065,28,0
3100,75066,29,0
3100,75088,30,0
3100,75101,31,0
3100,75055,32,1
3101,75640,1,0
3101,75051,2,0
3101,75457,3,0
3101,75455,4,0
3101,75459,5,0
3101,75458,6,0
3101,75538,7,0
3101,75539,8,0
3101,75448,9,0
3101,75451,10,0
3101,75449,11,0
3101,75453,12,0
3101,75056,13,0
3101,75058,14,0
3101,75067,15,0
3101,75069,16,0
3101,75424,17,0
3101,75409,18,0
3101,75425,19,0
3101,75184,20,0
3101,75203,21,0
3101,75245,22,0
3101,75246,23,0
3101,75244,24,0
3101,75230,25,0
3101,75162,26,0
3101,75224,27,0
3101,75389,28,0
3101,75062,29,0
3101,75079,30,0
3101,75104,31,1
3200,75640,1,0
3200,75051,2,0
3200,75457,3,0
3200,75455,4,0
3200,75459,5,0
3200,75458,6,0
3200,75482,7,0
3200,75520,8,0
3200,75096,9,0
3200,75083,10,0
3200,75097,11,0
3200,75487,12,0
3200,75489,13,0
3200,75490,14,0
3200,75491,15,0
3200,75492,16,0
3200,75495,17,0
3200,75493,18,0
3200,75494,19,0
3200,75496,20,0
3200,75514,21,0
3200,75518,22,0
3200,75498,23,0
3200,75500,24,0
3200,75502,25,0
3200,75508,26,0
3200,75510,27,0
3200,75512,28,0
3200,75537,29,0
3200,75065,30,0
3200,75066,31,0
3200,75088,32,0
3200,75101,33,0
3200,75055,34,1
3201,75640,1,0
3201,75051,2,0
3201,75457,3,0
3201,75455,4,0
3201,75459,5,0
3201,75458,6,0
3201,75482,7,0
3201,75520,8,0
3201,75096,9,0
3201,75083,10,0
3201,75097,11,0
3201,75487,12,0
3201,75489,13,0
3201,75490,14,0
3201,75491,15,0
3201,75492,16,0
3201,75495,17,0
3201,75493,18,0
3201,75494,19,0
3201,75496,20,0
3201,75514,21,0
3201,75518,22,0
3201,75498,23,0
3201,75500,24,0
3201,75502,25,0
3201,75508,26,0
3201,75510,27,0
3201,75512,28,0
3201,75537,29,0
3201,75065,30,0
3201,75066,31,0
3201,75088,32,0
3201,75101,33,0
3201,75055,34,1
3300,75640,1,0
3300,75089,2,0
3300,75090,3,0
3300,75091,4,0
3300,75106,5,0
3300,75108,6,0
3300,75041,7,0
3300,75092,8,0
3300,75045,9,0
3300,75072,10,0
3300,75046,11,0
3300,75073,12,0
3300,75047,13,0
3300,75048,14,0
3300,75074,15,0
3300,75049,16,0
3300,75349,17,0
3300,75375,18,0
3300,75376,19,0
3300,75377,20,0
3300,75378,21,0
3300,75379,22,0
3300,75076,23,0
3300,75403,24,0
3300,75060,25,1
3700,75640,1,0
3700,75051,2,0
3700,75052,3,0
3700,75372,4,0
3700,75503,5,0
3700,75500,6,0
3700,75560,7,0
3700,75561,8,0
3700,75562,9,0
3700,75563,10,0
3700,75564,11,0
3700,75324,12,0
3700,75504,13,0
3700,75448,14,0
3700,75453,15,0
3700,75101,16,1
3800,75640,1,0
3800,75053,2,0
3800,75243,3,0
3800,75228,4,0
3800,75239,5,0
3800,75241,6,0
3800,75164,7,0
3800,75193,8,0
3800,75204,9,0
3800,75237,10,0
3800,75165,11,0
3800,75043,12,0
3800,75082,13,0
3800,75081,14,0
3800,75085,15,0
3800,75070,16,0
3800,75059,17,0
3800,75068,18,0
3800,75372,19,0
3800,75097,20,0
3800,75487,21,0
3800,75489,22,0
3800,75490,23,0
3800,75491,24,0
3800,75492,25,0
3800,75495,26,0
3800,75493,27,0
3800,75494,28,0
3800,75496,29,0
3800,75514,30,0
3800,75518,31,0
3800,75498,32,0
3800,75500,33,0
3800,75502,34,0
3800,75508,35,0
3800,75510,36,0
3800,75512,37,0
3800,75537,38,0
3800,75065,39,0
3800,75066,40,0
3800,75088,41,0
3800,75101,42,0
3800,75055,43,1
3900,75640,1,0
3900,75103,2,0
3900,75078,3,0
3900,75061,4,0
3900,75057,5,0
3900,75222,6,0
3900,75161,7,0
3900,75228,8,0
3900,75239,9,0
3900,75241,10,0
3900,75164,11,0
3900,75194,12,0
3900,75195,13,0
3900,75198,14,0
3900,75079,15,0
3900,75104,16,0
3900,75102,17,0
3900,75089,18,0
3900,75090,19,0
3900,75091,20,0
3900,75106,21,0
3900,75108,22,0
3900,75041,23,0
3900,75092,24,0
3900,75045,25,0
3900,75072,26,0
3900,75046,27,0
3900,75073,28,0
3900,75047,29,0
3900,75048,30,0
3900,75074,31,0
3900,75049,32,0
3900,75349,33,0
3900,75375,34,0
3900,75376,35,0
3900,75377,36,0
3900,75378,37,0
3900,75379,38,0
3900,75076,39,0
3900,75403,40,0
3900,75060,41,1
11100,75300,1,0
11100,75319,2,0
11100,75276,3,0
11100,75278,4,0
11100,75330,5,0
11100,75328,6,0
11100,75326,7,0
11100,75323,8,0
11100,75321,9,1
11101,75320,1,0
11101,75322,2,0
11101,75325,3,0
11101,75327,4,0
11101,75329,5,0
11101,75277,6,0
11101,75275,7,0
11101,75318,8,0
11101,75299,9,1
11200,75310,1,0
11200,75287,2,0
11200,75294,3,0
11200,75293,4,0
11200,75298,5,0
11200,75140,6,1
11201,75140,1,0
11201,75296,2,0
11201,75292,3,0
11201,75295,4,0
11201,75286,5,0
11201,75311,6,1
12101,75057,1,0
12101,75222,2,0
12101,75161,3,0
12101,75228,4,0
12101,75158,5,0
12101,75221,6,0
12101,75156,7,0
12101,75399,8,0
12101,75229,9,0
12101,75400,10,0
12101,75166,11,0
12101,75169,12,0
12101,75231,13,0
12101,75150,14,0
12101,75155,15,0
12101,75182,16,0
12101,75183,17,0
12101,75247,18,0
12101,75249,19,0
12101,75235,20,0
12101,75140,21,0
12101,75018,22,0
12101,75042,23,0
12101,75463,24,0
12101,75263,25,1
12200,75263,1,0
12200,75042,2,0
12200,75017,3,0
12200,75140,4,0
12200,75180,5,0
12200,75172,6,0
12200,75134,7,0
12200,75132,8,0
12200,75207,9,0
12200,75227,10,0
12200,75186,11,0
12200,75211,12,0
12200,75116,13,0
12200,75118,14,0
12200,75120,15,0
12200,75121,16,0
12200,75123,17,0
12200,75125,18,0
12200,75129,19,1
12201,75186,1,0
12201,75211,2,0
12201,75116,3,0
12201,75118,4,0
12201,75120,5,0
12201,75121,6,0
12201,75123,7,0
12201,75125,8,0
12201,75129,9,0
12201,75206,10,0
12201,75131,11,0
12201,75133,12,0
12201,75171,13,0
12201,75181,14,0
12201,75140,15,0
12201,75018,16,0
12201,75042,17,0
12201,75463,18,0
12201,75263,19,1
12300,16000,1,0
12300,75201,2,0
12300,75189,3,0
12300,75191,4,0
12300,75242,5,0
12300,75252,6,0
12300,75397,7,0
12300,75470,8,0
12300,75471,9,0
12300,75417,10,0
12300,75418,11,0
12300,75419,12,0
12300,75435,13,0
12300,75237,14,0
12300,75165,15,0
12300,75433,16,0
12300,75421,17,0
12300,75436,18,0
12300,75431,19,0
12300,75423,20,1
12301,75405,1,0
12301,75430,2,0
12301,75406,3,0
12301,75407,4,0
12301,75432,5,0
12301,75408,6,0
12301,75409,7,0
12301,75410,8,0
12301,75411,9,0
12301,75434,10,0
12301,75413,11,0
12301,75472,12,0
12301,75469,13,0
12301,75467,14,0
12301,75414,15,0
12301,75415,16,0
12301,75416,17,0
12301,75200,18,0
12301,75463,19,0
12301,75263,20,1
12400,75263,1,0
12400,75201,2,0
12400,75186,3,0
12400,75211,4,0
12400,75116,5,0
12400,75118,6,0
12400,75120,7,0
12400,75121,8,0
12400,75123,9,0
12400,75125,10,0
12400,75129,11,0
12400,75206,12,0
12400,75131,13,0
12400,75133,14,0
12400,75185,15,0
12400,75135,16,0
12400,75136,17,0
12400,75137,18,0
12400,75138,19,0
12400,75181,20,0
12400,75140,21,1
12401,75172,1,0
12401,75134,2,0
12401,75132,3,0
12401,75208,4,0
12401,75130,5,0
12401,75126,6,0
12401,75124,7,0
12401,75122,8,0
12401,75119,9,0
12401,75117,10,0
12401,75115,11,0
12401,75395,12,0
12401,75187,13,0
12401,75200,14,0
12401,75463,15,0
12401,75263,16,1
12500,75140,1,0
12500,75603,2,0
12500,75602,3,0
12500,75601,4,0
12500,75600,5,1
12501,75550,1,0
12501,75551,2,0
12501,75552,3,0
12501,75553,4,0
12501,75140,5,1
12700,75140,1,0
12700,75200,2,0
12700,75340,3,0
12700,75341,4,0
12700,75342,5,0
12700,75343,6,0
12700,75344,7,0
12700,75347,8,0
12700,75339,9,0
12700,75338,10,0
12700,75337,11,1
12701,75339,1,0
12701,75338,2,0
12701,75337,3,0
12701,75346,4,0
12701,75141,5,0
12701,75335,6,0
12701,75334,7,0
12701,75159,8,0
12701,75332,9,0
12701,75201,10,0
12701,75140,11,1
12801,75407,1,0
12801,75432,2,0
12801,75408,3,0
12801,75409,4,0
12801,75140,5,1
13200,16000,1,0
13200,75502,2,0
13200,75508,3,0
13200,75510,4,0
13200,75512,5,0
13200,75482,6,0
13200,75520,7,0
13200,75096,8,0
13200,75083,9,0
13200,75097,10,0
13200,75487,11,0
13200,75489,12,0
13200,75490,13,0
13200,75491,14,0
13200,75492,15,0
13200,75495,16,0
13200,75493,17,0
13200,75494,18,0
13200,75496,19,0
13200,75514,20,0
13200,75518,21,0
13200,75498,22,0
13200,75500,23,0
13200,75259,24,0
13200,75535,25,1
13201,75502,1,0
13201,75508,2,0
13201,75510,3,0
13201,75512,4,0
13201,75482,5,0
13201,75520,6,0
13201,75096,7,0
13201,75083,8,0
13201,75097,9,0
13201,75487,10,0
13201,75489,11,0
13201,75490,12,0
13201,75491,13,0
13201,75492,14,0
13201,75495,15,0
13201,75493,16,0
13201,75494,17,0
13201,75496,18,0
13201,75514,19,0
13201,75518,20,0
13201,75498,21,0
13201,75500,22,0
13201,75259,23,0
13201,75535,24,0
13201,75463,25,0
13201,16000,26,1
13301,75106,1,0
13301,75108,2,0
13301,75041,3,0
13301,75092,4,0
13301,75045,5,0
13301,75072,6,0
13301,75046,7,0
13301,75073,8,0
13301,75047,9,0
13301,75048,10,0
13301,75074,11,0
13301,75049,12,0
13301,75349,13,0
13301,75375,14,0
13301,75376,15,0
13301,75377,16,0
13301,75378,17,0
13301,75379,18,0
13301,75076,19,0
13301,75403,20,0
13301,75060,21,0
13301,75640,22,0
13301,75018,23,0
13301,75042,24,0
13301,75463,25,0
13301,75263,26,1
13500,75441,1,0
13500,75439,2,0
13500,75447,3,0
13500,75438,4,0
13500,75443,5,0
13500,75445,6,0
13500,75380,7,0
13500,75385,8,0
13500,75640,9,1
13501,75640,1,0
13501,75384,2,0
13501,75386,3,0
13501,75444,4,0
13501,75442,5,0
13501,75387,6,0
13501,75446,7,0
13501,75367,8,0
13501,75440,9,1
13600,75640,1,0
13600,75051,2,0
13600,75052,3,0
13600,75059,4,0
13600,75068,5,0
13600,75372,6,0
13600,75097,7,0
13600,75487,8,0
13600,75489,9,0
13600,75490,10,0
13600,75491,11,0
13600,75492,12,0
13600,75493,13,0
13600,75494,14,0
13600,75496,15,0
13600,75514,16,0
13600,75518,17,0
13600,75498,18,0
13600,75500,19,0
13600,75530,20,0
13600,75531,21,0
13600,75532,22,0
13600,75257,23,1
13601,75257,1,0
13601,75533,2,0
13601,75534,3,0
13601,75535,4,0
13601,75324,5,0
13601,75097,6,0
13601,75487,7,0
13601,75489,8,0
13601,75490,9,0
13601,75491,10,0
13601,75492,11,0
13601,75493,12,0
13601,75494,13,0
13601,75496,14,0
13601,75514,15,0
13601,75518,16,0
13601,75498,17,0
13601,75448,18,0
13601,75451,19,0
13601,75449,20,0
13601,75453,21,0
13601,75055,22,0
13601,75640,23,1
15100,75042,1,0
15100,75017,2,0
15100,75140,3,0
15100,75640,4,1
15101,75640,1,0
15101,75140,2,0
15101,75018,3,0
15101,75042,4,1
32100,75263,1,0
32100,75042,2,0
32100,75017,3,0
32100,75140,4,1
32101,75140,1,0
32101,75018,2,0
32101,75042,3,0
32101,75463,4,0
32101,75263,5,1
32300,75263,1,0
32300,75042,2,0
32300,75017,3,0
32300,75640,4,1
32301,75640,1,0
32301,75018,2,0
32301,75042,3,0
32301,75463,4,0
32301,75263,5,1
34000,75640,1,0
34000,75140,2,0
34000,75030,3,0
34000,75037,4,0
34000,75031,5,0
34000,75039,6,1
34001,75640,1,0
34001,75140,2,0
34001,75040,3,0
34001,75035,4,0
34001,75038,5,0
34001,75030,6,1
34100,75140,1,0
34100,75030,2,0
34100,75037,3,0
34100,75031,4,0
34100,75039,5,1
34101,75140,1,0
34101,75040,2,0
34101,75035,3,0
34101,75038,4,0
34101,75030,5,1
34300,75640,1,0
34300,75030,2,0
34300,75037,3,0
34300,75031,4,0
34300,75039,5,1
34301,75640,1,0
34301,75040,2,0
34301,75035,3,0
34301,75038,4,0
34301,75030,5,1
